float cos10000Hz[2048] = {
   -0.0960,
    0.0137,
    0.1000,
    0.0154,
   -0.0955,
   -0.0432,
    0.0829,
    0.0674,
   -0.0633,
   -0.0858,
    0.0384,
    0.0970,
   -0.0101,
   -0.0999,
   -0.0189,
    0.0944,
    0.0464,
   -0.0809,
   -0.0700,
    0.0605,
    0.0876,
   -0.0350,
   -0.0978,
    0.0066,
    0.0997,
    0.0224,
   -0.0932,
   -0.0495,
    0.0787,
    0.0725,
   -0.0576,
   -0.0892,
    0.0317,
    0.0984,
   -0.0030,
   -0.0993,
   -0.0259,
    0.0918,
    0.0526,
   -0.0765,
   -0.0749,
    0.0547,
    0.0908,
   -0.0283,
   -0.0990,
   -0.0005,
    0.0989,
    0.0293,
   -0.0903,
   -0.0556,
    0.0741,
    0.0772,
   -0.0517,
   -0.0922,
    0.0248,
    0.0994,
    0.0041,
   -0.0983,
   -0.0327,
    0.0887,
    0.0585,
   -0.0717,
   -0.0794,
    0.0486,
    0.0935,
   -0.0214,
   -0.0998,
   -0.0077,
    0.0975,
    0.0360,
   -0.0870,
   -0.0614,
    0.0692,
    0.0815,
   -0.0455,
   -0.0947,
    0.0179,
    0.0999,
    0.0112,
   -0.0967,
   -0.0393,
    0.0852,
    0.0641,
   -0.0666,
   -0.0835,
    0.0423,
    0.0958,
   -0.0144,
   -0.1000,
   -0.0147,
    0.0957,
    0.0426,
   -0.0833,
   -0.0668,
    0.0639,
    0.0854,
   -0.0390,
   -0.0968,
    0.0108,
    0.0999,
    0.0182,
   -0.0946,
   -0.0458,
    0.0813,
    0.0694,
   -0.0611,
   -0.0872,
    0.0357,
    0.0976,
   -0.0073,
   -0.0997,
   -0.0217,
    0.0934,
    0.0489,
   -0.0792,
   -0.0720,
    0.0582,
    0.0889,
   -0.0324,
   -0.0983,
    0.0037,
    0.0994,
    0.0252,
   -0.0921,
   -0.0520,
    0.0769,
    0.0744,
   -0.0553,
   -0.0905,
    0.0290,
    0.0989,
   -0.0002,
   -0.0990,
   -0.0286,
    0.0906,
    0.0550,
   -0.0746,
   -0.0767,
    0.0523,
    0.0919,
   -0.0255,
   -0.0994,
   -0.0034,
    0.0984,
    0.0320,
   -0.0891,
   -0.0579,
    0.0722,
    0.0790,
   -0.0492,
   -0.0933,
    0.0221,
    0.0997,
    0.0069,
   -0.0977,
   -0.0354,
    0.0874,
    0.0608,
   -0.0697,
   -0.0811,
    0.0461,
    0.0945,
   -0.0186,
   -0.0999,
   -0.0105,
    0.0969,
    0.0387,
   -0.0856,
   -0.0636,
    0.0671,
    0.0831,
   -0.0429,
   -0.0956,
    0.0151,
    0.1000,
    0.0140,
   -0.0959,
   -0.0419,
    0.0837,
    0.0663,
   -0.0644,
   -0.0850,
    0.0397,
    0.0966,
   -0.0115,
   -0.1000,
   -0.0175,
    0.0948,
    0.0451,
   -0.0817,
   -0.0689,
    0.0616,
    0.0869,
   -0.0364,
   -0.0975,
    0.0080,
    0.0998,
    0.0210,
   -0.0937,
   -0.0483,
    0.0796,
    0.0715,
   -0.0588,
   -0.0886,
    0.0330,
    0.0982,
   -0.0045,
   -0.0995,
   -0.0245,
    0.0924,
    0.0514,
   -0.0774,
   -0.0739,
    0.0559,
    0.0902,
   -0.0296,
   -0.0988,
    0.0009,
    0.0991,
    0.0279,
   -0.0909,
   -0.0544,
    0.0751,
    0.0763,
   -0.0529,
   -0.0917,
    0.0262,
    0.0993,
    0.0027,
   -0.0985,
   -0.0313,
    0.0894,
    0.0574,
   -0.0727,
   -0.0785,
    0.0498,
    0.0930,
   -0.0228,
   -0.0996,
   -0.0062,
    0.0978,
    0.0347,
   -0.0877,
   -0.0602,
    0.0702,
    0.0807,
   -0.0467,
   -0.0943,
    0.0193,
    0.0999,
    0.0098,
   -0.0970,
   -0.0380,
    0.0860,
    0.0630,
   -0.0676,
   -0.0827,
    0.0435,
    0.0954,
   -0.0158,
   -0.1000,
   -0.0133,
    0.0961,
    0.0413,
   -0.0841,
   -0.0658,
    0.0650,
    0.0847,
   -0.0403,
   -0.0964,
    0.0123,
    0.1000,
    0.0168,
   -0.0951,
   -0.0445,
    0.0821,
    0.0684,
   -0.0622,
   -0.0865,
    0.0370,
    0.0973,
   -0.0087,
   -0.0998,
   -0.0203,
    0.0939,
    0.0477,
   -0.0800,
   -0.0710,
    0.0594,
    0.0882,
   -0.0337,
   -0.0981,
    0.0052,
    0.0996,
    0.0238,
   -0.0926,
   -0.0508,
    0.0778,
    0.0734,
   -0.0565,
   -0.0899,
    0.0303,
    0.0987,
   -0.0016,
   -0.0992,
   -0.0273,
    0.0912,
    0.0538,
   -0.0756,
   -0.0758,
    0.0535,
    0.0914,
   -0.0269,
   -0.0992,
   -0.0020,
    0.0986,
    0.0307,
   -0.0897,
   -0.0568,
    0.0732,
    0.0781,
   -0.0505,
   -0.0928,
    0.0235,
    0.0996,
    0.0055,
   -0.0980,
   -0.0340,
    0.0881,
    0.0597,
   -0.0707,
   -0.0802,
    0.0474,
    0.0940,
   -0.0200,
   -0.0998,
   -0.0091,
    0.0972,
    0.0374,
   -0.0863,
   -0.0625,
    0.0681,
    0.0823,
   -0.0442,
   -0.0952,
    0.0165,
    0.1000,
    0.0126,
   -0.0963,
   -0.0406,
    0.0845,
    0.0652,
   -0.0655,
   -0.0843,
    0.0410,
    0.0962,
   -0.0130,
   -0.1000,
   -0.0161,
    0.0953,
    0.0439,
   -0.0825,
   -0.0679,
    0.0628,
    0.0862,
   -0.0377,
   -0.0971,
    0.0094,
    0.0999,
    0.0196,
   -0.0942,
   -0.0470,
    0.0805,
    0.0705,
   -0.0600,
   -0.0879,
    0.0344,
    0.0979,
   -0.0059,
   -0.0996,
   -0.0231,
    0.0929,
    0.0502,
   -0.0783,
   -0.0729,
    0.0571,
    0.0895,
   -0.0310,
   -0.0986,
    0.0023,
    0.0992,
    0.0266,
   -0.0915,
   -0.0532,
    0.0760,
    0.0753,
   -0.0541,
   -0.0911,
    0.0276,
    0.0991,
    0.0012,
   -0.0987,
   -0.0300,
    0.0900,
    0.0562,
   -0.0737,
   -0.0776,
    0.0511,
    0.0925,
   -0.0242,
   -0.0995,
   -0.0048,
    0.0981,
    0.0334,
   -0.0884,
   -0.0591,
    0.0712,
    0.0798,
   -0.0480,
   -0.0938,
    0.0207,
    0.0998,
    0.0084,
   -0.0974,
   -0.0367,
    0.0867,
    0.0619,
   -0.0687,
   -0.0819,
    0.0448,
    0.0950,
   -0.0172,
   -0.1000,
   -0.0119,
    0.0965,
    0.0400,
   -0.0849,
   -0.0647,
    0.0660,
    0.0839,
   -0.0416,
   -0.0960,
    0.0137,
    0.1000,
    0.0154,
   -0.0955,
   -0.0432,
    0.0829,
    0.0674,
   -0.0633,
   -0.0858,
    0.0384,
    0.0970,
   -0.0101,
   -0.0999,
   -0.0189,
    0.0944,
    0.0464,
   -0.0809,
   -0.0700,
    0.0605,
    0.0876,
   -0.0350,
   -0.0978,
    0.0066,
    0.0997,
    0.0224,
   -0.0932,
   -0.0495,
    0.0787,
    0.0725,
   -0.0576,
   -0.0892,
    0.0317,
    0.0984,
   -0.0030,
   -0.0993,
   -0.0259,
    0.0918,
    0.0526,
   -0.0765,
   -0.0749,
    0.0547,
    0.0908,
   -0.0283,
   -0.0990,
   -0.0005,
    0.0989,
    0.0293,
   -0.0903,
   -0.0556,
    0.0741,
    0.0772,
   -0.0517,
   -0.0922,
    0.0248,
    0.0994,
    0.0041,
   -0.0983,
   -0.0327,
    0.0887,
    0.0585,
   -0.0717,
   -0.0794,
    0.0486,
    0.0935,
   -0.0214,
   -0.0998,
   -0.0077,
    0.0975,
    0.0360,
   -0.0870,
   -0.0614,
    0.0692,
    0.0815,
   -0.0455,
   -0.0947,
    0.0179,
    0.0999,
    0.0112,
   -0.0967,
   -0.0393,
    0.0852,
    0.0641,
   -0.0666,
   -0.0835,
    0.0423,
    0.0958,
   -0.0144,
   -0.1000,
   -0.0147,
    0.0957,
    0.0426,
   -0.0833,
   -0.0668,
    0.0639,
    0.0854,
   -0.0390,
   -0.0968,
    0.0108,
    0.0999,
    0.0182,
   -0.0946,
   -0.0458,
    0.0813,
    0.0694,
   -0.0611,
   -0.0872,
    0.0357,
    0.0976,
   -0.0073,
   -0.0997,
   -0.0217,
    0.0934,
    0.0489,
   -0.0792,
   -0.0720,
    0.0582,
    0.0889,
   -0.0324,
   -0.0983,
    0.0037,
    0.0994,
    0.0252,
   -0.0921,
   -0.0520,
    0.0769,
    0.0744,
   -0.0553,
   -0.0905,
    0.0290,
    0.0989,
   -0.0002,
   -0.0990,
   -0.0286,
    0.0906,
    0.0550,
   -0.0746,
   -0.0767,
    0.0523,
    0.0919,
   -0.0255,
   -0.0994,
   -0.0034,
    0.0984,
    0.0320,
   -0.0891,
   -0.0579,
    0.0722,
    0.0790,
   -0.0492,
   -0.0933,
    0.0221,
    0.0997,
    0.0069,
   -0.0977,
   -0.0354,
    0.0874,
    0.0608,
   -0.0697,
   -0.0811,
    0.0461,
    0.0945,
   -0.0186,
   -0.0999,
   -0.0105,
    0.0969,
    0.0387,
   -0.0856,
   -0.0636,
    0.0671,
    0.0831,
   -0.0429,
   -0.0956,
    0.0151,
    0.1000,
    0.0140,
   -0.0959,
   -0.0419,
    0.0837,
    0.0663,
   -0.0644,
   -0.0850,
    0.0397,
    0.0966,
   -0.0115,
   -0.1000,
   -0.0175,
    0.0948,
    0.0451,
   -0.0817,
   -0.0689,
    0.0616,
    0.0869,
   -0.0364,
   -0.0975,
    0.0080,
    0.0998,
    0.0210,
   -0.0937,
   -0.0483,
    0.0796,
    0.0715,
   -0.0588,
   -0.0886,
    0.0330,
    0.0982,
   -0.0045,
   -0.0995,
   -0.0245,
    0.0924,
    0.0514,
   -0.0774,
   -0.0739,
    0.0559,
    0.0902,
   -0.0296,
   -0.0988,
    0.0009,
    0.0991,
    0.0279,
   -0.0909,
   -0.0544,
    0.0751,
    0.0763,
   -0.0529,
   -0.0917,
    0.0262,
    0.0993,
    0.0027,
   -0.0985,
   -0.0313,
    0.0894,
    0.0574,
   -0.0727,
   -0.0785,
    0.0498,
    0.0930,
   -0.0228,
   -0.0996,
   -0.0062,
    0.0978,
    0.0347,
   -0.0877,
   -0.0602,
    0.0702,
    0.0807,
   -0.0467,
   -0.0943,
    0.0193,
    0.0999,
    0.0098,
   -0.0970,
   -0.0380,
    0.0860,
    0.0630,
   -0.0676,
   -0.0827,
    0.0435,
    0.0954,
   -0.0158,
   -0.1000,
   -0.0133,
    0.0961,
    0.0413,
   -0.0841,
   -0.0658,
    0.0650,
    0.0847,
   -0.0403,
   -0.0964,
    0.0123,
    0.1000,
    0.0168,
   -0.0951,
   -0.0445,
    0.0821,
    0.0684,
   -0.0622,
   -0.0865,
    0.0370,
    0.0973,
   -0.0087,
   -0.0998,
   -0.0203,
    0.0939,
    0.0477,
   -0.0800,
   -0.0710,
    0.0594,
    0.0882,
   -0.0337,
   -0.0981,
    0.0052,
    0.0996,
    0.0238,
   -0.0926,
   -0.0508,
    0.0778,
    0.0734,
   -0.0565,
   -0.0899,
    0.0303,
    0.0987,
   -0.0016,
   -0.0992,
   -0.0273,
    0.0912,
    0.0538,
   -0.0756,
   -0.0758,
    0.0535,
    0.0914,
   -0.0269,
   -0.0992,
   -0.0020,
    0.0986,
    0.0307,
   -0.0897,
   -0.0568,
    0.0732,
    0.0781,
   -0.0505,
   -0.0928,
    0.0235,
    0.0996,
    0.0055,
   -0.0980,
   -0.0340,
    0.0881,
    0.0597,
   -0.0707,
   -0.0802,
    0.0474,
    0.0940,
   -0.0200,
   -0.0998,
   -0.0091,
    0.0972,
    0.0374,
   -0.0863,
   -0.0625,
    0.0681,
    0.0823,
   -0.0442,
   -0.0952,
    0.0165,
    0.1000,
    0.0126,
   -0.0963,
   -0.0406,
    0.0845,
    0.0652,
   -0.0655,
   -0.0843,
    0.0410,
    0.0962,
   -0.0130,
   -0.1000,
   -0.0161,
    0.0953,
    0.0439,
   -0.0825,
   -0.0679,
    0.0628,
    0.0862,
   -0.0377,
   -0.0971,
    0.0094,
    0.0999,
    0.0196,
   -0.0942,
   -0.0470,
    0.0805,
    0.0705,
   -0.0600,
   -0.0879,
    0.0344,
    0.0979,
   -0.0059,
   -0.0996,
   -0.0231,
    0.0929,
    0.0502,
   -0.0783,
   -0.0729,
    0.0571,
    0.0895,
   -0.0310,
   -0.0986,
    0.0023,
    0.0992,
    0.0266,
   -0.0915,
   -0.0532,
    0.0760,
    0.0753,
   -0.0541,
   -0.0911,
    0.0276,
    0.0991,
    0.0012,
   -0.0987,
   -0.0300,
    0.0900,
    0.0562,
   -0.0737,
   -0.0776,
    0.0511,
    0.0925,
   -0.0242,
   -0.0995,
   -0.0048,
    0.0981,
    0.0334,
   -0.0884,
   -0.0591,
    0.0712,
    0.0798,
   -0.0480,
   -0.0938,
    0.0207,
    0.0998,
    0.0084,
   -0.0974,
   -0.0367,
    0.0867,
    0.0619,
   -0.0687,
   -0.0819,
    0.0448,
    0.0950,
   -0.0172,
   -0.1000,
   -0.0119,
    0.0965,
    0.0400,
   -0.0849,
   -0.0647,
    0.0660,
    0.0839,
   -0.0416,
   -0.0960,
    0.0137,
    0.1000,
    0.0154,
   -0.0955,
   -0.0432,
    0.0829,
    0.0674,
   -0.0633,
   -0.0858,
    0.0384,
    0.0970,
   -0.0101,
   -0.0999,
   -0.0189,
    0.0944,
    0.0464,
   -0.0809,
   -0.0700,
    0.0605,
    0.0876,
   -0.0350,
   -0.0978,
    0.0066,
    0.0997,
    0.0224,
   -0.0932,
   -0.0495,
    0.0787,
    0.0725,
   -0.0576,
   -0.0892,
    0.0317,
    0.0984,
   -0.0030,
   -0.0993,
   -0.0259,
    0.0918,
    0.0526,
   -0.0765,
   -0.0749,
    0.0547,
    0.0908,
   -0.0283,
   -0.0990,
   -0.0005,
    0.0989,
    0.0293,
   -0.0903,
   -0.0556,
    0.0741,
    0.0772,
   -0.0517,
   -0.0922,
    0.0248,
    0.0994,
    0.0041,
   -0.0983,
   -0.0327,
    0.0887,
    0.0585,
   -0.0717,
   -0.0794,
    0.0486,
    0.0935,
   -0.0214,
   -0.0998,
   -0.0077,
    0.0975,
    0.0360,
   -0.0870,
   -0.0614,
    0.0692,
    0.0815,
   -0.0455,
   -0.0947,
    0.0179,
    0.0999,
    0.0112,
   -0.0967,
   -0.0393,
    0.0852,
    0.0641,
   -0.0666,
   -0.0835,
    0.0423,
    0.0958,
   -0.0144,
   -0.1000,
   -0.0147,
    0.0957,
    0.0426,
   -0.0833,
   -0.0668,
    0.0639,
    0.0854,
   -0.0390,
   -0.0968,
    0.0108,
    0.0999,
    0.0182,
   -0.0946,
   -0.0458,
    0.0813,
    0.0694,
   -0.0611,
   -0.0872,
    0.0357,
    0.0976,
   -0.0073,
   -0.0997,
   -0.0217,
    0.0934,
    0.0489,
   -0.0792,
   -0.0720,
    0.0582,
    0.0889,
   -0.0324,
   -0.0983,
    0.0037,
    0.0994,
    0.0252,
   -0.0921,
   -0.0520,
    0.0769,
    0.0744,
   -0.0553,
   -0.0905,
    0.0290,
    0.0989,
   -0.0002,
   -0.0990,
   -0.0286,
    0.0906,
    0.0550,
   -0.0746,
   -0.0767,
    0.0523,
    0.0919,
   -0.0255,
   -0.0994,
   -0.0034,
    0.0984,
    0.0320,
   -0.0891,
   -0.0579,
    0.0722,
    0.0790,
   -0.0492,
   -0.0933,
    0.0221,
    0.0997,
    0.0069,
   -0.0977,
   -0.0354,
    0.0874,
    0.0608,
   -0.0697,
   -0.0811,
    0.0461,
    0.0945,
   -0.0186,
   -0.0999,
   -0.0105,
    0.0969,
    0.0387,
   -0.0856,
   -0.0636,
    0.0671,
    0.0831,
   -0.0429,
   -0.0956,
    0.0151,
    0.1000,
    0.0140,
   -0.0959,
   -0.0419,
    0.0837,
    0.0663,
   -0.0644,
   -0.0850,
    0.0397,
    0.0966,
   -0.0115,
   -0.1000,
   -0.0175,
    0.0948,
    0.0451,
   -0.0817,
   -0.0689,
    0.0616,
    0.0869,
   -0.0364,
   -0.0975,
    0.0080,
    0.0998,
    0.0210,
   -0.0937,
   -0.0483,
    0.0796,
    0.0715,
   -0.0588,
   -0.0886,
    0.0330,
    0.0982,
   -0.0045,
   -0.0995,
   -0.0245,
    0.0924,
    0.0514,
   -0.0774,
   -0.0739,
    0.0559,
    0.0902,
   -0.0296,
   -0.0988,
    0.0009,
    0.0991,
    0.0279,
   -0.0909,
   -0.0544,
    0.0751,
    0.0763,
   -0.0529,
   -0.0917,
    0.0262,
    0.0993,
    0.0027,
   -0.0985,
   -0.0313,
    0.0894,
    0.0574,
   -0.0727,
   -0.0785,
    0.0498,
    0.0930,
   -0.0228,
   -0.0996,
   -0.0062,
    0.0978,
    0.0347,
   -0.0877,
   -0.0602,
    0.0702,
    0.0807,
   -0.0467,
   -0.0943,
    0.0193,
    0.0999,
    0.0098,
   -0.0970,
   -0.0380,
    0.0860,
    0.0630,
   -0.0676,
   -0.0827,
    0.0435,
    0.0954,
   -0.0158,
   -0.1000,
   -0.0133,
    0.0961,
    0.0413,
   -0.0841,
   -0.0658,
    0.0650,
    0.0847,
   -0.0403,
   -0.0964,
    0.0123,
    0.1000,
    0.0168,
   -0.0951,
   -0.0445,
    0.0821,
    0.0684,
   -0.0622,
   -0.0865,
    0.0370,
    0.0973,
   -0.0087,
   -0.0998,
   -0.0203,
    0.0939,
    0.0477,
   -0.0800,
   -0.0710,
    0.0594,
    0.0882,
   -0.0337,
   -0.0981,
    0.0052,
    0.0996,
    0.0238,
   -0.0926,
   -0.0508,
    0.0778,
    0.0734,
   -0.0565,
   -0.0899,
    0.0303,
    0.0987,
   -0.0016,
   -0.0992,
   -0.0273,
    0.0912,
    0.0538,
   -0.0756,
   -0.0758,
    0.0535,
    0.0914,
   -0.0269,
   -0.0992,
   -0.0020,
    0.0986,
    0.0307,
   -0.0897,
   -0.0568,
    0.0732,
    0.0781,
   -0.0505,
   -0.0928,
    0.0235,
    0.0996,
    0.0055,
   -0.0980,
   -0.0340,
    0.0881,
    0.0597,
   -0.0707,
   -0.0802,
    0.0474,
    0.0940,
   -0.0200,
   -0.0998,
   -0.0091,
    0.0972,
    0.0374,
   -0.0863,
   -0.0625,
    0.0681,
    0.0823,
   -0.0442,
   -0.0952,
    0.0165,
    0.1000,
    0.0126,
   -0.0963,
   -0.0406,
    0.0845,
    0.0652,
   -0.0655,
   -0.0843,
    0.0410,
    0.0962,
   -0.0130,
   -0.1000,
   -0.0161,
    0.0953,
    0.0439,
   -0.0825,
   -0.0679,
    0.0628,
    0.0862,
   -0.0377,
   -0.0971,
    0.0094,
    0.0999,
    0.0196,
   -0.0942,
   -0.0470,
    0.0805,
    0.0705,
   -0.0600,
   -0.0879,
    0.0344,
    0.0979,
   -0.0059,
   -0.0996,
   -0.0231,
    0.0929,
    0.0502,
   -0.0783,
   -0.0729,
    0.0571,
    0.0895,
   -0.0310,
   -0.0986,
    0.0023,
    0.0992,
    0.0266,
   -0.0915,
   -0.0532,
    0.0760,
    0.0753,
   -0.0541,
   -0.0911,
    0.0276,
    0.0991,
    0.0012,
   -0.0987,
   -0.0300,
    0.0900,
    0.0562,
   -0.0737,
   -0.0776,
    0.0511,
    0.0925,
   -0.0242,
   -0.0995,
   -0.0048,
    0.0981,
    0.0334,
   -0.0884,
   -0.0591,
    0.0712,
    0.0798,
   -0.0480,
   -0.0938,
    0.0207,
    0.0998,
    0.0084,
   -0.0974,
   -0.0367,
    0.0867,
    0.0619,
   -0.0687,
   -0.0819,
    0.0448,
    0.0950,
   -0.0172,
   -0.1000,
   -0.0119,
    0.0965,
    0.0400,
   -0.0849,
   -0.0647,
    0.0660,
    0.0839,
   -0.0416,
   -0.0960,
    0.0137,
    0.1000,
    0.0154,
   -0.0955,
   -0.0432,
    0.0829,
    0.0674,
   -0.0633,
   -0.0858,
    0.0384,
    0.0970,
   -0.0101,
   -0.0999,
   -0.0189,
    0.0944,
    0.0464,
   -0.0809,
   -0.0700,
    0.0605,
    0.0876,
   -0.0350,
   -0.0978,
    0.0066,
    0.0997,
    0.0224,
   -0.0932,
   -0.0495,
    0.0787,
    0.0725,
   -0.0576,
   -0.0892,
    0.0317,
    0.0984,
   -0.0030,
   -0.0993,
   -0.0259,
    0.0918,
    0.0526,
   -0.0765,
   -0.0749,
    0.0547,
    0.0908,
   -0.0283,
   -0.0990,
   -0.0005,
    0.0989,
    0.0293,
   -0.0903,
   -0.0556,
    0.0741,
    0.0772,
   -0.0517,
   -0.0922,
    0.0248,
    0.0994,
    0.0041,
   -0.0983,
   -0.0327,
    0.0887,
    0.0585,
   -0.0717,
   -0.0794,
    0.0486,
    0.0935,
   -0.0214,
   -0.0998,
   -0.0077,
    0.0975,
    0.0360,
   -0.0870,
   -0.0614,
    0.0692,
    0.0815,
   -0.0455,
   -0.0947,
    0.0179,
    0.0999,
    0.0112,
   -0.0967,
   -0.0393,
    0.0852,
    0.0641,
   -0.0666,
   -0.0835,
    0.0423,
    0.0958,
   -0.0144,
   -0.1000,
   -0.0147,
    0.0957,
    0.0426,
   -0.0833,
   -0.0668,
    0.0639,
    0.0854,
   -0.0390,
   -0.0968,
    0.0108,
    0.0999,
    0.0182,
   -0.0946,
   -0.0458,
    0.0813,
    0.0694,
   -0.0611,
   -0.0872,
    0.0357,
    0.0976,
   -0.0073,
   -0.0997,
   -0.0217,
    0.0934,
    0.0489,
   -0.0792,
   -0.0720,
    0.0582,
    0.0889,
   -0.0324,
   -0.0983,
    0.0037,
    0.0994,
    0.0252,
   -0.0921,
   -0.0520,
    0.0769,
    0.0744,
   -0.0553,
   -0.0905,
    0.0290,
    0.0989,
   -0.0002,
   -0.0990,
   -0.0286,
    0.0906,
    0.0550,
   -0.0746,
   -0.0767,
    0.0523,
    0.0919,
   -0.0255,
   -0.0994,
   -0.0034,
    0.0984,
    0.0320,
   -0.0891,
   -0.0579,
    0.0722,
    0.0790,
   -0.0492,
   -0.0933,
    0.0221,
    0.0997,
    0.0069,
   -0.0977,
   -0.0354,
    0.0874,
    0.0608,
   -0.0697,
   -0.0811,
    0.0461,
    0.0945,
   -0.0186,
   -0.0999,
   -0.0105,
    0.0969,
    0.0387,
   -0.0856,
   -0.0636,
    0.0671,
    0.0831,
   -0.0429,
   -0.0956,
    0.0151,
    0.1000,
    0.0140,
   -0.0959,
   -0.0419,
    0.0837,
    0.0663,
   -0.0644,
   -0.0850,
    0.0397,
    0.0966,
   -0.0115,
   -0.1000,
   -0.0175,
    0.0948,
    0.0451,
   -0.0817,
   -0.0689,
    0.0616,
    0.0869,
   -0.0364,
   -0.0975,
    0.0080,
    0.0998,
    0.0210,
   -0.0937,
   -0.0483,
    0.0796,
    0.0715,
   -0.0588,
   -0.0886,
    0.0330,
    0.0982,
   -0.0045,
   -0.0995,
   -0.0245,
    0.0924,
    0.0514,
   -0.0774,
   -0.0739,
    0.0559,
    0.0902,
   -0.0296,
   -0.0988,
    0.0009,
    0.0991,
    0.0279,
   -0.0909,
   -0.0544,
    0.0751,
    0.0763,
   -0.0529,
   -0.0917,
    0.0262,
    0.0993,
    0.0027,
   -0.0985,
   -0.0313,
    0.0894,
    0.0574,
   -0.0727,
   -0.0785,
    0.0498,
    0.0930,
   -0.0228,
   -0.0996,
   -0.0062,
    0.0978,
    0.0347,
   -0.0877,
   -0.0602,
    0.0702,
    0.0807,
   -0.0467,
   -0.0943,
    0.0193,
    0.0999,
    0.0098,
   -0.0970,
   -0.0380,
    0.0860,
    0.0630,
   -0.0676,
   -0.0827,
    0.0435,
    0.0954,
   -0.0158,
   -0.1000,
   -0.0133,
    0.0961,
    0.0413,
   -0.0841,
   -0.0658,
    0.0650,
    0.0847,
   -0.0403,
   -0.0964,
    0.0123,
    0.1000,
    0.0168,
   -0.0951,
   -0.0445,
    0.0821,
    0.0684,
   -0.0622,
   -0.0865,
    0.0370,
    0.0973,
   -0.0087,
   -0.0998,
   -0.0203,
    0.0939,
    0.0477,
   -0.0800,
   -0.0710,
    0.0594,
    0.0882,
   -0.0337,
   -0.0981,
    0.0052,
    0.0996,
    0.0238,
   -0.0926,
   -0.0508,
    0.0778,
    0.0734,
   -0.0565,
   -0.0899,
    0.0303,
    0.0987,
   -0.0016,
   -0.0992,
   -0.0273,
    0.0912,
    0.0538,
   -0.0756,
   -0.0758,
    0.0535,
    0.0914,
   -0.0269,
   -0.0992,
   -0.0020,
    0.0986,
    0.0307,
   -0.0897,
   -0.0568,
    0.0732,
    0.0781,
   -0.0505,
   -0.0928,
    0.0235,
    0.0996,
    0.0055,
   -0.0980,
   -0.0340,
    0.0881,
    0.0597,
   -0.0707,
   -0.0802,
    0.0474,
    0.0940,
   -0.0200,
   -0.0998,
   -0.0091,
    0.0972,
    0.0374,
   -0.0863,
   -0.0625,
    0.0681,
    0.0823,
   -0.0442,
   -0.0952,
    0.0165,
    0.1000,
    0.0126,
   -0.0963,
   -0.0406,
    0.0845,
    0.0652,
   -0.0655,
   -0.0843,
    0.0410,
    0.0962,
   -0.0130,
   -0.1000,
   -0.0161,
    0.0953,
    0.0439,
   -0.0825,
   -0.0679,
    0.0628,
    0.0862,
   -0.0377,
   -0.0971,
    0.0094,
    0.0999,
    0.0196,
   -0.0942,
   -0.0470,
    0.0805,
    0.0705,
   -0.0600,
   -0.0879,
    0.0344,
    0.0979,
   -0.0059,
   -0.0996,
   -0.0231,
    0.0929,
    0.0502,
   -0.0783,
   -0.0729,
    0.0571,
    0.0895,
   -0.0310,
   -0.0986,
    0.0023,
    0.0992,
    0.0266,
   -0.0915,
   -0.0532,
    0.0760,
    0.0753,
   -0.0541,
   -0.0911,
    0.0276,
    0.0991,
    0.0012,
   -0.0987,
   -0.0300,
    0.0900,
    0.0562,
   -0.0737,
   -0.0776,
    0.0511,
    0.0925,
   -0.0242,
   -0.0995,
   -0.0048,
    0.0981,
    0.0334,
   -0.0884,
   -0.0591,
    0.0712,
    0.0798,
   -0.0480,
   -0.0938,
    0.0207,
    0.0998,
    0.0084,
   -0.0974,
   -0.0367,
    0.0867,
    0.0619,
   -0.0687,
   -0.0819,
    0.0448,
    0.0950,
   -0.0172,
   -0.1000,
   -0.0119,
    0.0965,
    0.0400,
   -0.0849,
   -0.0647,
    0.0660,
    0.0839,
   -0.0416,
   -0.0960,
    0.0137,
    0.1000,
    0.0154,
   -0.0955,
   -0.0432,
    0.0829,
    0.0674,
   -0.0633,
   -0.0858,
    0.0384,
    0.0970,
   -0.0101,
   -0.0999,
   -0.0189,
    0.0944,
    0.0464,
   -0.0809,
   -0.0700,
    0.0605,
    0.0876,
   -0.0350,
   -0.0978,
    0.0066,
    0.0997,
    0.0224,
   -0.0932,
   -0.0495,
    0.0787,
    0.0725,
   -0.0576,
   -0.0892,
    0.0317,
    0.0984,
   -0.0030,
   -0.0993,
   -0.0259,
    0.0918,
    0.0526,
   -0.0765,
   -0.0749,
    0.0547,
    0.0908,
   -0.0283,
   -0.0990,
   -0.0005,
    0.0989,
    0.0293,
   -0.0903,
   -0.0556,
    0.0741,
    0.0772,
   -0.0517,
   -0.0922,
    0.0248,
    0.0994,
    0.0041,
   -0.0983,
   -0.0327,
    0.0887,
    0.0585,
   -0.0717,
   -0.0794,
    0.0486,
    0.0935,
   -0.0214,
   -0.0998,
   -0.0077,
    0.0975,
    0.0360,
   -0.0870,
   -0.0614,
    0.0692,
    0.0815,
   -0.0455,
   -0.0947,
    0.0179,
    0.0999,
    0.0112,
   -0.0967,
   -0.0393,
    0.0852,
    0.0641,
   -0.0666,
   -0.0835,
    0.0423,
    0.0958,
   -0.0144,
   -0.1000,
   -0.0147,
    0.0957,
    0.0426,
   -0.0833,
   -0.0668,
    0.0639,
    0.0854,
   -0.0390,
   -0.0968,
    0.0108,
    0.0999,
    0.0182,
   -0.0946,
   -0.0458,
    0.0813,
    0.0694,
   -0.0611,
   -0.0872,
    0.0357,
    0.0976,
   -0.0073,
   -0.0997,
   -0.0217,
    0.0934,
    0.0489,
   -0.0792,
   -0.0720,
    0.0582,
    0.0889,
   -0.0324,
   -0.0983,
    0.0037,
    0.0994,
    0.0252,
   -0.0921,
   -0.0520,
    0.0769,
    0.0744,
   -0.0553,
   -0.0905,
    0.0290,
    0.0989,
   -0.0002,
   -0.0990,
   -0.0286,
    0.0906,
    0.0550,
   -0.0746,
   -0.0767,
    0.0523,
    0.0919,
   -0.0255,
   -0.0994,
   -0.0034,
    0.0984,
    0.0320,
   -0.0891,
   -0.0579,
    0.0722,
    0.0790,
   -0.0492,
   -0.0933,
    0.0221,
    0.0997,
    0.0069,
   -0.0977,
   -0.0354,
    0.0874,
    0.0608,
   -0.0697,
   -0.0811,
    0.0461,
    0.0945,
   -0.0186,
   -0.0999,
   -0.0105,
    0.0969,
    0.0387,
   -0.0856,
   -0.0636,
    0.0671,
    0.0831,
   -0.0429,
   -0.0956,
    0.0151,
    0.1000,
    0.0140,
   -0.0959,
   -0.0419,
    0.0837,
    0.0663,
   -0.0644,
   -0.0850,
    0.0397,
    0.0966,
   -0.0115,
   -0.1000,
   -0.0175,
    0.0948,
    0.0451,
   -0.0817,
   -0.0689,
    0.0616,
    0.0869,
   -0.0364,
   -0.0975,
    0.0080,
    0.0998,
    0.0210,
   -0.0937,
   -0.0483,
    0.0796,
    0.0715,
   -0.0588,
   -0.0886,
    0.0330,
    0.0982,
   -0.0045,
   -0.0995,
   -0.0245,
    0.0924,
    0.0514,
   -0.0774,
   -0.0739,
    0.0559,
    0.0902,
   -0.0296,
   -0.0988,
    0.0009,
    0.0991,
    0.0279,
   -0.0909,
   -0.0544,
    0.0751,
    0.0763,
   -0.0529,
   -0.0917,
    0.0262,
    0.0993,
    0.0027,
   -0.0985,
   -0.0313,
    0.0894,
    0.0574,
   -0.0727,
   -0.0785,
    0.0498,
    0.0930,
   -0.0228,
   -0.0996,
   -0.0062,
    0.0978,
    0.0347,
   -0.0877,
   -0.0602,
    0.0702,
    0.0807,
   -0.0467,
   -0.0943,
    0.0193,
    0.0999,
    0.0098,
   -0.0970,
   -0.0380,
    0.0860,
    0.0630,
   -0.0676,
   -0.0827,
    0.0435,
    0.0954,
   -0.0158,
   -0.1000,
   -0.0133,
    0.0961,
    0.0413,
   -0.0841,
   -0.0658,
    0.0650,
    0.0847,
   -0.0403,
   -0.0964,
    0.0123,
    0.1000,
    0.0168,
   -0.0951,
   -0.0445,
    0.0821,
    0.0684,
   -0.0622,
   -0.0865,
    0.0370,
    0.0973,
   -0.0087,
   -0.0998,
   -0.0203};