
float cos2000Hz[2048] ={
    0.9597,
    0.8420,
    0.6563,
    0.4178,
    0.1455,
   -0.1385,
   -0.4113,
   -0.6509,
   -0.8381,
   -0.9577,
   -1.0000,
   -0.9617,
   -0.8458,
   -0.6617,
   -0.4242,
   -0.1526,
    0.1314,
    0.4048,
    0.6455,
    0.8342,
    0.9556,
    0.9999,
    0.9636,
    0.8495,
    0.6670,
    0.4307,
    0.1596,
   -0.1244,
   -0.3983,
   -0.6401,
   -0.8302,
   -0.9535,
   -0.9998,
   -0.9655,
   -0.8533,
   -0.6723,
   -0.4371,
   -0.1666,
    0.1173,
    0.3917,
    0.6346,
    0.8263,
    0.9513,
    0.9996,
    0.9673,
    0.8570,
    0.6775,
    0.4435,
    0.1736,
   -0.1102,
   -0.3852,
   -0.6291,
   -0.8222,
   -0.9491,
   -0.9994,
   -0.9691,
   -0.8606,
   -0.6828,
   -0.4498,
   -0.1806,
    0.1032,
    0.3786,
    0.6235,
    0.8182,
    0.9468,
    0.9991,
    0.9708,
    0.8642,
    0.6879,
    0.4562,
    0.1876,
   -0.0961,
   -0.3720,
   -0.6179,
   -0.8140,
   -0.9445,
   -0.9988,
   -0.9725,
   -0.8678,
   -0.6931,
   -0.4625,
   -0.1946,
    0.0890,
    0.3654,
    0.6123,
    0.8099,
    0.9421,
    0.9984,
    0.9741,
    0.8713,
    0.6982,
    0.4688,
    0.2016,
   -0.0819,
   -0.3588,
   -0.6067,
   -0.8057,
   -0.9397,
   -0.9979,
   -0.9757,
   -0.8748,
   -0.7033,
   -0.4751,
   -0.2085,
    0.0748,
    0.3521,
    0.6010,
    0.8015,
    0.9373,
    0.9975,
    0.9772,
    0.8782,
    0.7083,
    0.4813,
    0.2155,
   -0.0677,
   -0.3454,
   -0.5953,
   -0.7972,
   -0.9348,
   -0.9969,
   -0.9787,
   -0.8816,
   -0.7133,
   -0.4875,
   -0.2224,
    0.0606,
    0.3388,
    0.5896,
    0.7929,
    0.9322,
    0.9964,
    0.9802,
    0.8849,
    0.7183,
    0.4937,
    0.2294,
   -0.0535,
   -0.3320,
   -0.5838,
   -0.7885,
   -0.9296,
   -0.9957,
   -0.9815,
   -0.8882,
   -0.7232,
   -0.4999,
   -0.2363,
    0.0464,
    0.3253,
    0.5780,
    0.7841,
    0.9270,
    0.9950,
    0.9829,
    0.8914,
    0.7281,
    0.5061,
    0.2432,
   -0.0393,
   -0.3186,
   -0.5722,
   -0.7797,
   -0.9243,
   -0.9943,
   -0.9842,
   -0.8946,
   -0.7330,
   -0.5122,
   -0.2501,
    0.0322,
    0.3118,
    0.5664,
    0.7752,
    0.9215,
    0.9935,
    0.9854,
    0.8978,
    0.7378,
    0.5183,
    0.2570,
   -0.0251,
   -0.3051,
   -0.5605,
   -0.7707,
   -0.9187,
   -0.9927,
   -0.9866,
   -0.9009,
   -0.7426,
   -0.5244,
   -0.2639,
    0.0179,
    0.2983,
    0.5546,
    0.7661,
    0.9159,
    0.9918,
    0.9877,
    0.9040,
    0.7473,
    0.5304,
    0.2707,
   -0.0108,
   -0.2915,
   -0.5486,
   -0.7615,
   -0.9130,
   -0.9909,
   -0.9888,
   -0.9070,
   -0.7520,
   -0.5364,
   -0.2776,
    0.0037,
    0.2847,
    0.5427,
    0.7569,
    0.9101,
    0.9899,
    0.9898,
    0.9100,
    0.7567,
    0.5424,
    0.2844,
    0.0034,
   -0.2778,
   -0.5367,
   -0.7522,
   -0.9071,
   -0.9889,
   -0.9908,
   -0.9129,
   -0.7613,
   -0.5484,
   -0.2912,
   -0.0105,
    0.2710,
    0.5307,
    0.7475,
    0.9041,
    0.9878,
    0.9918,
    0.9158,
    0.7659,
    0.5543,
    0.2980,
    0.0176,
   -0.2641,
   -0.5246,
   -0.7428,
   -0.9010,
   -0.9866,
   -0.9927,
   -0.9186,
   -0.7705,
   -0.5602,
   -0.3048,
   -0.0248,
    0.2573,
    0.5185,
    0.7380,
    0.8979,
    0.9854,
    0.9935,
    0.9214,
    0.7750,
    0.5661,
    0.3116,
    0.0319,
   -0.2504,
   -0.5124,
   -0.7332,
   -0.8948,
   -0.9842,
   -0.9943,
   -0.9241,
   -0.7795,
   -0.5720,
   -0.3183,
   -0.0390,
    0.2435,
    0.5063,
    0.7283,
    0.8916,
    0.9829,
    0.9950,
    0.9268,
    0.7839,
    0.5778,
    0.3250,
    0.0461,
   -0.2366,
   -0.5002,
   -0.7234,
   -0.8883,
   -0.9816,
   -0.9957,
   -0.9295,
   -0.7883,
   -0.5836,
   -0.3318,
   -0.0532,
    0.2297,
    0.4940,
    0.7185,
    0.8850,
    0.9802,
    0.9963,
    0.9321,
    0.7927,
    0.5893,
    0.3385,
    0.0603,
   -0.2227,
   -0.4878,
   -0.7135,
   -0.8817,
   -0.9788,
   -0.9969,
   -0.9346,
   -0.7970,
   -0.5951,
   -0.3452,
   -0.0674,
    0.2158,
    0.4816,
    0.7085,
    0.8783,
    0.9773,
    0.9974,
    0.9372,
    0.8013,
    0.6008,
    0.3518,
    0.0745,
   -0.2088,
   -0.4753,
   -0.7035,
   -0.8749,
   -0.9758,
   -0.9979,
   -0.9396,
   -0.8055,
   -0.6065,
   -0.3585,
   -0.0816,
    0.2019,
    0.4690,
    0.6984,
    0.8714,
    0.9742,
    0.9984,
    0.9420,
    0.8097,
    0.6121,
    0.3651,
    0.0887,
   -0.1949,
   -0.4628,
   -0.6933,
   -0.8679,
   -0.9726,
   -0.9987,
   -0.9444,
   -0.8139,
   -0.6177,
   -0.3717,
   -0.0958,
    0.1879,
    0.4564,
    0.6881,
    0.8644,
    0.9709,
    0.9991,
    0.9467,
    0.8180,
    0.6233,
    0.3783,
    0.1029,
   -0.1809,
   -0.4501,
   -0.6830,
   -0.8608,
   -0.9691,
   -0.9994,
   -0.9490,
   -0.8221,
   -0.6288,
   -0.3849,
   -0.1099,
    0.1739,
    0.4437,
    0.6778,
    0.8571,
    0.9674,
    0.9996,
    0.9512,
    0.8261,
    0.6344,
    0.3915,
    0.1170,
   -0.1669,
   -0.4373,
   -0.6725,
   -0.8534,
   -0.9655,
   -0.9998,
   -0.9534,
   -0.8301,
   -0.6398,
   -0.3980,
   -0.1241,
    0.1599,
    0.4309,
    0.6672,
    0.8497,
    0.9637,
    0.9999,
    0.9555,
    0.8340,
    0.6453,
    0.4045,
    0.1311,
   -0.1528,
   -0.4245,
   -0.6619,
   -0.8459,
   -0.9617,
   -1.0000,
   -0.9576,
   -0.8379,
   -0.6507,
   -0.4110,
   -0.1382,
    0.1458,
    0.4180,
    0.6565,
    0.8421,
    0.9598,
    1.0000,
    0.9596,
    0.8418,
    0.6561,
    0.4175,
    0.1452,
   -0.1388,
   -0.4116,
   -0.6512,
   -0.8383,
   -0.9577,
   -1.0000,
   -0.9616,
   -0.8456,
   -0.6615,
   -0.4240,
   -0.1523,
    0.1317,
    0.4051,
    0.6457,
    0.8343,
    0.9557,
    0.9999,
    0.9635,
    0.8494,
    0.6668,
    0.4304,
    0.1593,
   -0.1247,
   -0.3985,
   -0.6403,
   -0.8304,
   -0.9535,
   -0.9998,
   -0.9654,
   -0.8531,
   -0.6721,
   -0.4368,
   -0.1663,
    0.1176,
    0.3920,
    0.6348,
    0.8264,
    0.9514,
    0.9996,
    0.9672,
    0.8568,
    0.6773,
    0.4432,
    0.1733,
   -0.1105,
   -0.3855,
   -0.6293,
   -0.8224,
   -0.9492,
   -0.9994,
   -0.9690,
   -0.8605,
   -0.6825,
   -0.4496,
   -0.1803,
    0.1034,
    0.3789,
    0.6238,
    0.8183,
    0.9469,
    0.9991,
    0.9707,
    0.8641,
    0.6877,
    0.4559,
    0.1873,
   -0.0964,
   -0.3723,
   -0.6182,
   -0.8142,
   -0.9446,
   -0.9988,
   -0.9724,
   -0.8676,
   -0.6929,
   -0.4622,
   -0.1943,
    0.0893,
    0.3657,
    0.6126,
    0.8101,
    0.9422,
    0.9984,
    0.9740,
    0.8711,
    0.6980,
    0.4685,
    0.2013,
   -0.0822,
   -0.3590,
   -0.6069,
   -0.8059,
   -0.9398,
   -0.9980,
   -0.9756,
   -0.8746,
   -0.7031,
   -0.4748,
   -0.2083,
    0.0751,
    0.3524,
    0.6013,
    0.8016,
    0.9374,
    0.9975,
    0.9772,
    0.8780,
    0.7081,
    0.4811,
    0.2152,
   -0.0680,
   -0.3457,
   -0.5956,
   -0.7974,
   -0.9349,
   -0.9970,
   -0.9787,
   -0.8814,
   -0.7131,
   -0.4873,
   -0.2222,
    0.0609,
    0.3390,
    0.5898,
    0.7930,
    0.9323,
    0.9964,
    0.9801,
    0.8848,
    0.7181,
    0.4935,
    0.2291,
   -0.0538,
   -0.3323,
   -0.5841,
   -0.7887,
   -0.9297,
   -0.9958,
   -0.9815,
   -0.8881,
   -0.7230,
   -0.4997,
   -0.2360,
    0.0467,
    0.3256,
    0.5783,
    0.7843,
    0.9271,
    0.9951,
    0.9828,
    0.8913,
    0.7279,
    0.5058,
    0.2429,
   -0.0396,
   -0.3189,
   -0.5724,
   -0.7799,
   -0.9244,
   -0.9943,
   -0.9841,
   -0.8945,
   -0.7328,
   -0.5119,
   -0.2498,
    0.0325,
    0.3121,
    0.5666,
    0.7754,
    0.9216,
    0.9936,
    0.9853,
    0.8977,
    0.7376,
    0.5180,
    0.2567,
   -0.0253,
   -0.3053,
   -0.5607,
   -0.7709,
   -0.9189,
   -0.9927,
   -0.9865,
   -0.9008,
   -0.7424,
   -0.5241,
   -0.2636,
    0.0182,
    0.2986,
    0.5548,
    0.7663,
    0.9160,
    0.9918,
    0.9877,
    0.9039,
    0.7471,
    0.5302,
    0.2704,
   -0.0111,
   -0.2918,
   -0.5489,
   -0.7617,
   -0.9131,
   -0.9909,
   -0.9888,
   -0.9069,
   -0.7518,
   -0.5362,
   -0.2773,
    0.0040,
    0.2849,
    0.5429,
    0.7571,
    0.9102,
    0.9899,
    0.9898,
    0.9099,
    0.7565,
    0.5422,
    0.2841,
    0.0031,
   -0.2781,
   -0.5369,
   -0.7524,
   -0.9072,
   -0.9889,
   -0.9908,
   -0.9128,
   -0.7612,
   -0.5481,
   -0.2909,
   -0.0102,
    0.2713,
    0.5309,
    0.7477,
    0.9042,
    0.9878,
    0.9917,
    0.9157,
    0.7658,
    0.5541,
    0.2977,
    0.0173,
   -0.2644,
   -0.5249,
   -0.7430,
   -0.9012,
   -0.9867,
   -0.9926,
   -0.9185,
   -0.7703,
   -0.5600,
   -0.3045,
   -0.0245,
    0.2575,
    0.5188,
    0.7382,
    0.8981,
    0.9855,
    0.9935,
    0.9213,
    0.7748,
    0.5659,
    0.3113,
    0.0316,
   -0.2507,
   -0.5127,
   -0.7334,
   -0.8949,
   -0.9843,
   -0.9942,
   -0.9240,
   -0.7793,
   -0.5717,
   -0.3180,
   -0.0387,
    0.2438,
    0.5066,
    0.7285,
    0.8917,
    0.9830,
    0.9950,
    0.9267,
    0.7837,
    0.5775,
    0.3248,
    0.0458,
   -0.2369,
   -0.5004,
   -0.7236,
   -0.8885,
   -0.9817,
   -0.9957,
   -0.9294,
   -0.7881,
   -0.5833,
   -0.3315,
   -0.0529,
    0.2299,
    0.4943,
    0.7187,
    0.8852,
    0.9803,
    0.9963,
    0.9320,
    0.7925,
    0.5891,
    0.3382,
    0.0600,
   -0.2230,
   -0.4881,
   -0.7137,
   -0.8818,
   -0.9788,
   -0.9969,
   -0.9345,
   -0.7968,
   -0.5948,
   -0.3449,
   -0.0671,
    0.2161,
    0.4818,
    0.7087,
    0.8785,
    0.9774,
    0.9974,
    0.9371,
    0.8011,
    0.6005,
    0.3516,
    0.0742,
   -0.2091,
   -0.4756,
   -0.7037,
   -0.8750,
   -0.9758,
   -0.9979,
   -0.9395,
   -0.8053,
   -0.6062,
   -0.3582,
   -0.0813,
    0.2022,
    0.4693,
    0.6986,
    0.8716,
    0.9742,
    0.9983,
    0.9419,
    0.8095,
    0.6119,
    0.3648,
    0.0884,
   -0.1952,
   -0.4630,
   -0.6935,
   -0.8681,
   -0.9726,
   -0.9987,
   -0.9443,
   -0.8137,
   -0.6175,
   -0.3715,
   -0.0955,
    0.1882,
    0.4567,
    0.6884,
    0.8645,
    0.9709,
    0.9991,
    0.9466,
    0.8178,
    0.6231,
    0.3781,
    0.1026,
   -0.1812,
   -0.4503,
   -0.6832,
   -0.8609,
   -0.9692,
   -0.9993,
   -0.9489,
   -0.8219,
   -0.6286,
   -0.3846,
   -0.1096,
    0.1742,
    0.4440,
    0.6780,
    0.8573,
    0.9674,
    0.9996,
    0.9511,
    0.8259,
    0.6341,
    0.3912,
    0.1167,
   -0.1672,
   -0.4376,
   -0.6727,
   -0.8536,
   -0.9656,
   -0.9998,
   -0.9533,
   -0.8299,
   -0.6396,
   -0.3977,
   -0.1238,
    0.1602,
    0.4312,
    0.6674,
    0.8499,
    0.9637,
    0.9999,
    0.9554,
    0.8339,
    0.6451,
    0.4043,
    0.1308,
   -0.1531,
   -0.4248,
   -0.6621,
   -0.8461,
   -0.9618,
   -1.0000,
   -0.9575,
   -0.8378,
   -0.6505,
   -0.4108,
   -0.1379,
    0.1461,
    0.4183,
    0.6568,
    0.8423,
    0.9598,
    1.0000,
    0.9595,
    0.8416,
    0.6559,
    0.4172,
    0.1449,
   -0.1391,
   -0.4118,
   -0.6514,
   -0.8384,
   -0.9578,
   -1.0000,
   -0.9615,
   -0.8455,
   -0.6612,
   -0.4237,
   -0.1520,
    0.1320,
    0.4053,
    0.6460,
    0.8345,
    0.9557,
    0.9999,
    0.9634,
    0.8492,
    0.6666,
    0.4301,
    0.1590,
   -0.1249,
   -0.3988,
   -0.6405,
   -0.8306,
   -0.9536,
   -0.9998,
   -0.9653,
   -0.8530,
   -0.6718,
   -0.4365,
   -0.1660,
    0.1179,
    0.3923,
    0.6350,
    0.8266,
    0.9515,
    0.9996,
    0.9671,
    0.8567,
    0.6771,
    0.4429,
    0.1730,
   -0.1108,
   -0.3857,
   -0.6295,
   -0.8226,
   -0.9493,
   -0.9994,
   -0.9689,
   -0.8603,
   -0.6823,
   -0.4493,
   -0.1800,
    0.1037,
    0.3791,
    0.6240,
    0.8185,
    0.9470,
    0.9991,
    0.9707,
    0.8639,
    0.6875,
    0.4556,
    0.1870,
   -0.0967,
   -0.3726,
   -0.6184,
   -0.8144,
   -0.9447,
   -0.9988,
   -0.9723,
   -0.8675,
   -0.6927,
   -0.4620,
   -0.1940,
    0.0896,
    0.3659,
    0.6128,
    0.8102,
    0.9423,
    0.9984,
    0.9740,
    0.8710,
    0.6978,
    0.4683,
    0.2010,
   -0.0825,
   -0.3593,
   -0.6072,
   -0.8060,
   -0.9399,
   -0.9980,
   -0.9756,
   -0.8745,
   -0.7029,
   -0.4745,
   -0.2080,
    0.0754,
    0.3527,
    0.6015,
    0.8018,
    0.9375,
    0.9975,
    0.9771,
    0.8779,
    0.7079,
    0.4808,
    0.2149,
   -0.0683,
   -0.3460,
   -0.5958,
   -0.7975,
   -0.9350,
   -0.9970,
   -0.9786,
   -0.8813,
   -0.7129,
   -0.4870,
   -0.2219,
    0.0612,
    0.3393,
    0.5901,
    0.7932,
    0.9324,
    0.9964,
    0.9800,
    0.8846,
    0.7179,
    0.4932,
    0.2288,
   -0.0541,
   -0.3326,
   -0.5843,
   -0.7889,
   -0.9298,
   -0.9958,
   -0.9814,
   -0.8879,
   -0.7228,
   -0.4994,
   -0.2357,
    0.0470,
    0.3259,
    0.5785,
    0.7845,
    0.9272,
    0.9951,
    0.9828,
    0.8912,
    0.7277,
    0.5056,
    0.2426,
   -0.0399,
   -0.3191,
   -0.5727,
   -0.7800,
   -0.9245,
   -0.9944,
   -0.9841,
   -0.8944,
   -0.7326,
   -0.5117,
   -0.2495,
    0.0328,
    0.3124,
    0.5668,
    0.7756,
    0.9217,
    0.9936,
    0.9853,
    0.8975,
    0.7374,
    0.5178,
    0.2564,
   -0.0256,
   -0.3056,
   -0.5610,
   -0.7711,
   -0.9190,
   -0.9928,
   -0.9865,
   -0.9007,
   -0.7422,
   -0.5239,
   -0.2633,
    0.0185,
    0.2988,
    0.5551,
    0.7665,
    0.9161,
    0.9919,
    0.9876,
    0.9037,
    0.7469,
    0.5299,
    0.2701,
   -0.0114,
   -0.2920,
   -0.5491,
   -0.7619,
   -0.9133,
   -0.9910,
   -0.9887,
   -0.9068,
   -0.7517,
   -0.5359,
   -0.2770,
    0.0043,
    0.2852,
    0.5432,
    0.7573,
    0.9103,
    0.9900,
    0.9898,
    0.9097,
    0.7563,
    0.5419,
    0.2838,
    0.0028,
   -0.2784,
   -0.5372,
   -0.7526,
   -0.9074,
   -0.9889,
   -0.9908,
   -0.9127,
   -0.7610,
   -0.5479,
   -0.2906,
   -0.0099,
    0.2716,
    0.5312,
    0.7479,
    0.9044,
    0.9879,
    0.9917,
    0.9155,
    0.7656,
    0.5538,
    0.2974,
    0.0171,
   -0.2647,
   -0.5251,
   -0.7432,
   -0.9013,
   -0.9867,
   -0.9926,
   -0.9184,
   -0.7701,
   -0.5597,
   -0.3042,
   -0.0242,
    0.2578,
    0.5190,
    0.7384,
    0.8982,
    0.9855,
    0.9934,
    0.9212,
    0.7746,
    0.5656,
    0.3110,
    0.0313,
   -0.2510,
   -0.5129,
   -0.7336,
   -0.8950,
   -0.9843,
   -0.9942,
   -0.9239,
   -0.7791,
   -0.5715,
   -0.3178,
   -0.0384,
    0.2441,
    0.5068,
    0.7287,
    0.8918,
    0.9830,
    0.9950,
    0.9266,
    0.7836,
    0.5773,
    0.3245,
    0.0455,
   -0.2371,
   -0.5007,
   -0.7238,
   -0.8886,
   -0.9817,
   -0.9956,
   -0.9293,
   -0.7880,
   -0.5831,
   -0.3312,
   -0.0526,
    0.2302,
    0.4945,
    0.7189,
    0.8853,
    0.9803,
    0.9963,
    0.9319,
    0.7923,
    0.5889,
    0.3379,
    0.0597,
   -0.2233,
   -0.4883,
   -0.7139,
   -0.8820,
   -0.9789,
   -0.9969,
   -0.9344,
   -0.7966,
   -0.5946,
   -0.3446,
   -0.0668,
    0.2164,
    0.4821,
    0.7089,
    0.8786,
    0.9774,
    0.9974,
    0.9369,
    0.8009,
    0.6003,
    0.3513,
    0.0739,
   -0.2094,
   -0.4758,
   -0.7039,
   -0.8752,
   -0.9759,
   -0.9979,
   -0.9394,
   -0.8052,
   -0.6060,
   -0.3579,
   -0.0810,
    0.2024,
    0.4696,
    0.6988,
    0.8717,
    0.9743,
    0.9983,
    0.9418,
    0.8094,
    0.6116,
    0.3646,
    0.0881,
   -0.1955,
   -0.4633,
   -0.6937,
   -0.8682,
   -0.9727,
   -0.9987,
   -0.9442,
   -0.8135,
   -0.6172,
   -0.3712,
   -0.0952,
    0.1885,
    0.4570,
    0.6886,
    0.8647,
    0.9710,
    0.9991,
    0.9465,
    0.8176,
    0.6228,
    0.3778,
    0.1023,
   -0.1815,
   -0.4506,
   -0.6834,
   -0.8611,
   -0.9693,
   -0.9993,
   -0.9488,
   -0.8217,
   -0.6284,
   -0.3844,
   -0.1094,
    0.1745,
    0.4442,
    0.6782,
    0.8574,
    0.9675,
    0.9996,
    0.9510,
    0.8258,
    0.6339,
    0.3909,
    0.1164,
   -0.1675,
   -0.4379,
   -0.6729,
   -0.8537,
   -0.9657,
   -0.9998,
   -0.9532,
   -0.8298,
   -0.6394,
   -0.3975,
   -0.1235,
    0.1605,
    0.4315,
    0.6677,
    0.8500,
    0.9638,
    0.9999,
    0.9553,
    0.8337,
    0.6448,
    0.4040,
    0.1305,
   -0.1534,
   -0.4250,
   -0.6623,
   -0.8462,
   -0.9619,
   -1.0000,
   -0.9574,
   -0.8376,
   -0.6503,
   -0.4105,
   -0.1376,
    0.1464,
    0.4186,
    0.6570,
    0.8424,
    0.9599,
    1.0000,
    0.9594,
    0.8415,
    0.6557,
    0.4170,
    0.1446,
   -0.1393,
   -0.4121,
   -0.6516,
   -0.8386,
   -0.9579,
   -1.0000,
   -0.9614,
   -0.8453,
   -0.6610,
   -0.4234,
   -0.1517,
    0.1323,
    0.4056,
    0.6462,
    0.8347,
    0.9558,
    0.9999,
    0.9633,
    0.8491,
    0.6663,
    0.4299,
    0.1587,
   -0.1252,
   -0.3991,
   -0.6407,
   -0.8307,
   -0.9537,
   -0.9998,
   -0.9652,
   -0.8528,
   -0.6716,
   -0.4363,
   -0.1657,
    0.1182,
    0.3926,
    0.6353,
    0.8268,
    0.9516,
    0.9996,
    0.9671,
    0.8565,
    0.6769,
    0.4427,
    0.1727,
   -0.1111,
   -0.3860,
   -0.6298,
   -0.8227,
   -0.9493,
   -0.9994,
   -0.9689,
   -0.8602,
   -0.6821,
   -0.4490,
   -0.1798,
    0.1040,
    0.3794,
    0.6242,
    0.8187,
    0.9471,
    0.9991,
    0.9706,
    0.8638,
    0.6873,
    0.4554,
    0.1867,
   -0.0969,
   -0.3728,
   -0.6186,
   -0.8146,
   -0.9448,
   -0.9988,
   -0.9723,
   -0.8673,
   -0.6924,
   -0.4617,
   -0.1937,
    0.0899,
    0.3662,
    0.6130,
    0.8104,
    0.9424,
    0.9984,
    0.9739,
    0.8709,
    0.6976,
    0.4680,
    0.2007,
   -0.0828,
   -0.3596,
   -0.6074,
   -0.8062,
   -0.9400,
   -0.9980,
   -0.9755,
   -0.8743,
   -0.7026,
   -0.4743,
   -0.2077,
    0.0757,
    0.3529,
    0.6017,
    0.8020,
    0.9376,
    0.9975,
    0.9770,
    0.8778,
    0.7077,
    0.4805,
    0.2146,
   -0.0686,
   -0.3463,
   -0.5960,
   -0.7977,
   -0.9351,
   -0.9970,
   -0.9785,
   -0.8812,
   -0.7127,
   -0.4868,
   -0.2216,
    0.0615,
    0.3396,
    0.5903,
    0.7934,
    0.9325,
    0.9964,
    0.9800,
    0.8845,
    0.7177,
    0.4930,
    0.2285,
   -0.0544,
   -0.3329,
   -0.5845,
   -0.7890,
   -0.9299,
   -0.9958,
   -0.9814,
   -0.8878,
   -0.7226,
   -0.4992,
   -0.2354,
    0.0473,
    0.3262,
    0.5787,
    0.7847,
    0.9273,
    0.9951,
    0.9827,
    0.8910,
    0.7275,
    0.5053,
    0.2423,
   -0.0402,
   -0.3194,
   -0.5729,
   -0.7802,
   -0.9246,
   -0.9944,
   -0.9840,
   -0.8943,
   -0.7324,
   -0.5114,
   -0.2492,
    0.0330,
    0.3127,
    0.5671,
    0.7758,
    0.9219,
    0.9936,
    0.9852,
    0.8974,
    0.7372,
    0.5175,
    0.2561,
   -0.0259,
   -0.3059,
   -0.5612,
   -0.7712,
   -0.9191,
   -0.9928,
   -0.9864,
   -0.9005,
   -0.7420,
   -0.5236,
   -0.2630,
    0.0188,
    0.2991,
    0.5553,
    0.7667,
    0.9163,
    0.9919,
    0.9876,
    0.9036,
    0.7467,
    0.5297,
    0.2699,
   -0.0117,
   -0.2923,
   -0.5494,
   -0.7621,
   -0.9134,
   -0.9910,
   -0.9887,
   -0.9066,
   -0.7515,
   -0.5357,
   -0.2767,
    0.0046,
    0.2855,
    0.5434,
    0.7575,
    0.9105,
    0.9900,
    0.9897,
    0.9096,
    0.7561,
    0.5417,
    0.2835,
    0.0025,
   -0.2787,
   -0.5374,
   -0.7528,
   -0.9075,
   -0.9890,
   -0.9907,
   -0.9125,
   -0.7608,
   -0.5476,
   -0.2904,
   -0.0096,
    0.2718,
    0.5314,
    0.7481,
    0.9045,
    0.9879,
    0.9917,
    0.9154,
    0.7654,
    0.5536,
    0.2972,
    0.0168,
   -0.2650,
   -0.5254,
   -0.7434,
   -0.9014,
   -0.9868,
   -0.9925,
   -0.9183,
   -0.7699,
   -0.5595,
   -0.3039,
   -0.0239,
    0.2581,
    0.5193,
    0.7386,
    0.8983,
    0.9856,
    0.9934,
    0.9211,
    0.7745,
    0.5654,
    0.3107,
    0.0310,
   -0.2512,
   -0.5132,
   -0.7338,
   -0.8952,
   -0.9844,
   -0.9942,
   -0.9238,
   -0.7789,
   -0.5712,
   -0.3175,
   -0.0381,
    0.2443,
    0.5071,
    0.7289,
    0.8920,
    0.9831,
    0.9949,
    0.9265,
    0.7834,
    0.5771,
    0.3242,
    0.0452,
   -0.2374,
   -0.5009,
   -0.7240,
   -0.8887,
   -0.9818,
   -0.9956,
   -0.9292,
   -0.7878,
   -0.5829,
   -0.3309,
   -0.0523,
    0.2305,
    0.4948,
    0.7191,
    0.8855,
    0.9804,
    0.9963,
    0.9318,
    0.7921,
    0.5886,
    0.3376,
    0.0594,
   -0.2236,
   -0.4886,
   -0.7141,
   -0.8821,
   -0.9790,
   -0.9968,
   -0.9343,
   -0.7965,
   -0.5944,
   -0.3443,
   -0.0665,
    0.2166,
    0.4823,
    0.7091,
    0.8787,
    0.9775,
    0.9974,
    0.9368,
    0.8008,
    0.6001,
    0.3510,
    0.0736,
   -0.2097,
   -0.4761,
   -0.7041,
   -0.8753,
   -0.9760,
   -0.9979,
   -0.9393,
   -0.8050,
   -0.6058,
   -0.3577,
   -0.0807,
    0.2027,
    0.4698,
    0.6990,
    0.8719,
    0.9744,
    0.9983,
    0.9417,
    0.8092,
    0.6114,
    0.3643,
    0.0878,
   -0.1958,
   -0.4635,
   -0.6939,
   -0.8684,
   -0.9728,
   -0.9987,
   -0.9441,
   -0.8134,
   -0.6170,
   -0.3709,
   -0.0949,
    0.1888,
    0.4572,
    0.6888,
    0.8648,
    0.9711,
    0.9990,
    0.9464,
    0.8175,
    0.6226,
    0.3775,
    0.1020,
   -0.1818,
   -0.4509,
   -0.6836,
   -0.8612,
   -0.9694,
   -0.9993,
   -0.9487,
   -0.8216,
   -0.6282,
   -0.3841,
   -0.1091,
    0.1748,
    0.4445,
    0.6784,
    0.8576,
    0.9676,
    0.9996,
    0.9509,
    0.8256,
    0.6337,
    0.3907,
    0.1161,
   -0.1678,
   -0.4381,
   -0.6732,
   -0.8539,
   -0.9658,
   -0.9997,
   -0.9531,
   -0.8296,
   -0.6392,
   -0.3972,
   -0.1232,
    0.1607,
    0.4317,
    0.6679,
    0.8502,
    0.9639,
    0.9999,
    0.9552,
    0.8335,
    0.6446,
    0.4037,
    0.1303,
   -0.1537,
   -0.4253,
   -0.6626,
   -0.8464,
   -0.9620,
   -1.0000,
   -0.9573,
   -0.8374,
   -0.6500,
   -0.4102,
   -0.1373,
    0.1467,
    0.4188,
    0.6572,
    0.8426,
    0.9600,
    1.0000,
    0.9593,
    0.8413,
    0.6554,
    0.4167,
    0.1444,
   -0.1396,
   -0.4124,
   -0.6518,
   -0.8387,
   -0.9580,
   -1.0000,
   -0.9613,
   -0.8451,
   -0.6608,
   -0.4232,
   -0.1514,
    0.1326,
    0.4059,
    0.6464,
    0.8348,
    0.9559,
    0.9999,
    0.9633,
    0.8489,
    0.6661,
    0.4296,
    0.1584,
   -0.1255,
   -0.3994,
   -0.6410,
   -0.8309,
   -0.9538,
   -0.9998,
   -0.9652,
   -0.8527,
   -0.6714,
   -0.4360,
   -0.1654,
    0.1185,
    0.3928,
    0.6355,
    0.8269,
    0.9516,
    0.9996,
    0.9670,
    0.8564,
    0.6767,
    0.4424,
    0.1725,
   -0.1114,
   -0.3863,
   -0.6300,
   -0.8229,
   -0.9494,
   -0.9994,
   -0.9688,
   -0.8600,
   -0.6819,
   -0.4488,
   -0.1795,
    0.1043,
    0.3797,
    0.6244,
    0.8188,
    0.9472,
    0.9991,
    0.9705,
    0.8636,
    0.6871,
    0.4551,
    0.1865,
   -0.0972,
   -0.3731,
   -0.6189,
   -0.8147,
   -0.9449,
   -0.9988,
   -0.9722,
   -0.8672,
   -0.6922,
   -0.4614,
   -0.1934,
    0.0902,
    0.3665,
    0.6133,
    0.8106,
    0.9425,
    0.9984,
    0.9738,
    0.8707,
    0.6974,
    0.4677,
    0.2004,
   -0.0831,
   -0.3599,
   -0.6076,
   -0.8064,
   -0.9401,
   -0.9980,
   -0.9754,
   -0.8742,
   -0.7024,
   -0.4740,
   -0.2074,
    0.0760,
    0.3532,
    0.6020,
    0.8022,
    0.9377,
    0.9976,
    0.9770,
    0.8776,
    0.7075,
    0.4803,
    0.2143,
   -0.0689,
   -0.3465,
   -0.5963,
   -0.7979,
   -0.9352,
   -0.9970,
   -0.9785,
   -0.8810,
   -0.7125,
   -0.4865,
   -0.2213,
    0.0618,
    0.3399,
    0.5905,
    0.7936,
    0.9326,
    0.9965,
    0.9799,
    0.8844,
    0.7175,
    0.4927,
    0.2282,
   -0.0547,
   -0.3332,
   -0.5848,
   -0.7892,
   -0.9300,
   -0.9958,
   -0.9813,
   -0.8877,
   -0.7224,
   -0.4989,
   -0.2352,
    0.0476,
    0.3264,
    0.5790,
    0.7848,
    0.9274,
    0.9952,
    0.9827,
    0.8909,
    0.7273,
    0.5051,
    0.2421,
   -0.0405,
   -0.3197,
   -0.5732,
   -0.7804,
   -0.9247,
   -0.9944,
   -0.9840,
   -0.8941,
   -0.7322,
   -0.5112,
   -0.2490,
    0.0333,
    0.3130,
    0.5673,
    0.7759,
    0.9220,
    0.9937,
    0.9852,
    0.8973,
    0.7370,
    0.5173,
    0.2558,
   -0.0262,
   -0.3062,
   -0.5614,
   -0.7714,
   -0.9192,
   -0.9928,
   -0.9864,
   -0.9004,
   -0.7418,
   -0.5234,
   -0.2627,
    0.0191,
    0.2994,
    0.5555,
    0.7669,
    0.9164,
    0.9920,
    0.9875,
    0.9035,
    0.7465,
    0.5294,
    0.2696,
   -0.0120,
   -0.2926,
   -0.5496,
   -0.7623,
   -0.9135,
   -0.9910,
   -0.9886,
   -0.9065,
   -0.7513,
   -0.5354,
   -0.2764,
    0.0049,
    0.2858,
    0.5437,
    0.7577,
    0.9106,
    0.9901,
    0.9897,
    0.9095,
    0.7559,
    0.5414,
    0.2833,
    0.0022,
   -0.2790,
   -0.5377,
   -0.7530,
   -0.9076,
   -0.9890,
   -0.9907,
   -0.9124,
   -0.7606,
   -0.5474,
   -0.2901,
   -0.0094,
    0.2721,
    0.5317,
    0.7483,
    0.9046,
    0.9880,
    0.9916,
    0.9153,
    0.7652,
    0.5533,
    0.2969,
    0.0165,
   -0.2653,
   -0.5256,
   -0.7436,
   -0.9016,
   -0.9868,
   -0.9925,
   -0.9182,
   -0.7697,
   -0.5593,
   -0.3037,
   -0.0236,
    0.2584,
    0.5195,
    0.7388,
    0.8984,
    0.9856,
    0.9934,
    0.9209,
    0.7743,
    0.5651,
    0.3104,
    0.0307,
   -0.2515,
   -0.5135,
   -0.7340,
   -0.8953,
   -0.9844,
   -0.9942,
   -0.9237,
   -0.7788,
   -0.5710,
   -0.3172,
   -0.0378,
    0.2446,
    0.5073,
    0.7291,
	};