float hann[1024] = {
       0.0000,
    0.0000,
    0.0001,
    0.0001,
    0.0002,
    0.0003,
    0.0004,
    0.0005,
    0.0007,
    0.0008,
    0.0010,
    0.0012,
    0.0015,
    0.0017,
    0.0020,
    0.0023,
    0.0026,
    0.0029,
    0.0032,
    0.0036,
    0.0040,
    0.0043,
    0.0048,
    0.0052,
    0.0056,
    0.0061,
    0.0066,
    0.0071,
    0.0076,
    0.0082,
    0.0087,
    0.0093,
    0.0099,
    0.0105,
    0.0112,
    0.0118,
    0.0125,
    0.0132,
    0.0139,
    0.0146,
    0.0154,
    0.0161,
    0.0169,
    0.0177,
    0.0185,
    0.0194,
    0.0202,
    0.0211,
    0.0220,
    0.0229,
    0.0238,
    0.0248,
    0.0257,
    0.0267,
    0.0277,
    0.0287,
    0.0297,
    0.0308,
    0.0319,
    0.0330,
    0.0341,
    0.0352,
    0.0363,
    0.0375,
    0.0386,
    0.0398,
    0.0410,
    0.0423,
    0.0435,
    0.0448,
    0.0461,
    0.0474,
    0.0487,
    0.0500,
    0.0513,
    0.0527,
    0.0541,
    0.0555,
    0.0569,
    0.0583,
    0.0598,
    0.0612,
    0.0627,
    0.0642,
    0.0657,
    0.0672,
    0.0688,
    0.0703,
    0.0719,
    0.0735,
    0.0751,
    0.0768,
    0.0784,
    0.0801,
    0.0817,
    0.0834,
    0.0851,
    0.0868,
    0.0886,
    0.0903,
    0.0921,
    0.0939,
    0.0957,
    0.0975,
    0.0993,
    0.1012,
    0.1030,
    0.1049,
    0.1068,
    0.1087,
    0.1106,
    0.1125,
    0.1145,
    0.1164,
    0.1184,
    0.1204,
    0.1224,
    0.1244,
    0.1264,
    0.1285,
    0.1306,
    0.1326,
    0.1347,
    0.1368,
    0.1389,
    0.1411,
    0.1432,
    0.1454,
    0.1475,
    0.1497,
    0.1519,
    0.1541,
    0.1563,
    0.1586,
    0.1608,
    0.1631,
    0.1654,
    0.1676,
    0.1699,
    0.1723,
    0.1746,
    0.1769,
    0.1793,
    0.1816,
    0.1840,
    0.1864,
    0.1888,
    0.1912,
    0.1936,
    0.1960,
    0.1985,
    0.2009,
    0.2034,
    0.2059,
    0.2083,
    0.2108,
    0.2134,
    0.2159,
    0.2184,
    0.2209,
    0.2235,
    0.2261,
    0.2286,
    0.2312,
    0.2338,
    0.2364,
    0.2390,
    0.2416,
    0.2443,
    0.2469,
    0.2496,
    0.2522,
    0.2549,
    0.2576,
    0.2603,
    0.2629,
    0.2657,
    0.2684,
    0.2711,
    0.2738,
    0.2766,
    0.2793,
    0.2821,
    0.2848,
    0.2876,
    0.2904,
    0.2932,
    0.2960,
    0.2988,
    0.3016,
    0.3044,
    0.3072,
    0.3101,
    0.3129,
    0.3158,
    0.3186,
    0.3215,
    0.3244,
    0.3272,
    0.3301,
    0.3330,
    0.3359,
    0.3388,
    0.3417,
    0.3446,
    0.3475,
    0.3505,
    0.3534,
    0.3563,
    0.3593,
    0.3622,
    0.3652,
    0.3681,
    0.3711,
    0.3741,
    0.3770,
    0.3800,
    0.3830,
    0.3860,
    0.3890,
    0.3919,
    0.3949,
    0.3979,
    0.4010,
    0.4040,
    0.4070,
    0.4100,
    0.4130,
    0.4160,
    0.4191,
    0.4221,
    0.4251,
    0.4282,
    0.4312,
    0.4342,
    0.4373,
    0.4403,
    0.4434,
    0.4464,
    0.4495,
    0.4525,
    0.4556,
    0.4586,
    0.4617,
    0.4647,
    0.4678,
    0.4709,
    0.4739,
    0.4770,
    0.4801,
    0.4831,
    0.4862,
    0.4893,
    0.4923,
    0.4954,
    0.4985,
    0.5015,
    0.5046,
    0.5077,
    0.5107,
    0.5138,
    0.5169,
    0.5199,
    0.5230,
    0.5261,
    0.5291,
    0.5322,
    0.5353,
    0.5383,
    0.5414,
    0.5444,
    0.5475,
    0.5505,
    0.5536,
    0.5566,
    0.5597,
    0.5627,
    0.5658,
    0.5688,
    0.5718,
    0.5749,
    0.5779,
    0.5809,
    0.5840,
    0.5870,
    0.5900,
    0.5930,
    0.5960,
    0.5990,
    0.6021,
    0.6051,
    0.6081,
    0.6110,
    0.6140,
    0.6170,
    0.6200,
    0.6230,
    0.6259,
    0.6289,
    0.6319,
    0.6348,
    0.6378,
    0.6407,
    0.6437,
    0.6466,
    0.6495,
    0.6525,
    0.6554,
    0.6583,
    0.6612,
    0.6641,
    0.6670,
    0.6699,
    0.6728,
    0.6756,
    0.6785,
    0.6814,
    0.6842,
    0.6871,
    0.6899,
    0.6928,
    0.6956,
    0.6984,
    0.7012,
    0.7040,
    0.7068,
    0.7096,
    0.7124,
    0.7152,
    0.7179,
    0.7207,
    0.7234,
    0.7262,
    0.7289,
    0.7316,
    0.7343,
    0.7371,
    0.7397,
    0.7424,
    0.7451,
    0.7478,
    0.7504,
    0.7531,
    0.7557,
    0.7584,
    0.7610,
    0.7636,
    0.7662,
    0.7688,
    0.7714,
    0.7739,
    0.7765,
    0.7791,
    0.7816,
    0.7841,
    0.7866,
    0.7892,
    0.7917,
    0.7941,
    0.7966,
    0.7991,
    0.8015,
    0.8040,
    0.8064,
    0.8088,
    0.8112,
    0.8136,
    0.8160,
    0.8184,
    0.8207,
    0.8231,
    0.8254,
    0.8277,
    0.8301,
    0.8324,
    0.8346,
    0.8369,
    0.8392,
    0.8414,
    0.8437,
    0.8459,
    0.8481,
    0.8503,
    0.8525,
    0.8546,
    0.8568,
    0.8589,
    0.8611,
    0.8632,
    0.8653,
    0.8674,
    0.8694,
    0.8715,
    0.8736,
    0.8756,
    0.8776,
    0.8796,
    0.8816,
    0.8836,
    0.8855,
    0.8875,
    0.8894,
    0.8913,
    0.8932,
    0.8951,
    0.8970,
    0.8988,
    0.9007,
    0.9025,
    0.9043,
    0.9061,
    0.9079,
    0.9097,
    0.9114,
    0.9132,
    0.9149,
    0.9166,
    0.9183,
    0.9199,
    0.9216,
    0.9232,
    0.9249,
    0.9265,
    0.9281,
    0.9297,
    0.9312,
    0.9328,
    0.9343,
    0.9358,
    0.9373,
    0.9388,
    0.9402,
    0.9417,
    0.9431,
    0.9445,
    0.9459,
    0.9473,
    0.9487,
    0.9500,
    0.9513,
    0.9526,
    0.9539,
    0.9552,
    0.9565,
    0.9577,
    0.9590,
    0.9602,
    0.9614,
    0.9625,
    0.9637,
    0.9648,
    0.9659,
    0.9670,
    0.9681,
    0.9692,
    0.9703,
    0.9713,
    0.9723,
    0.9733,
    0.9743,
    0.9752,
    0.9762,
    0.9771,
    0.9780,
    0.9789,
    0.9798,
    0.9806,
    0.9815,
    0.9823,
    0.9831,
    0.9839,
    0.9846,
    0.9854,
    0.9861,
    0.9868,
    0.9875,
    0.9882,
    0.9888,
    0.9895,
    0.9901,
    0.9907,
    0.9913,
    0.9918,
    0.9924,
    0.9929,
    0.9934,
    0.9939,
    0.9944,
    0.9948,
    0.9952,
    0.9957,
    0.9960,
    0.9964,
    0.9968,
    0.9971,
    0.9974,
    0.9977,
    0.9980,
    0.9983,
    0.9985,
    0.9988,
    0.9990,
    0.9992,
    0.9993,
    0.9995,
    0.9996,
    0.9997,
    0.9998,
    0.9999,
    0.9999,
    1.0000,
    1.0000,
    1.0000,
    1.0000,
    0.9999,
    0.9999,
    0.9998,
    0.9997,
    0.9996,
    0.9995,
    0.9993,
    0.9992,
    0.9990,
    0.9988,
    0.9985,
    0.9983,
    0.9980,
    0.9977,
    0.9974,
    0.9971,
    0.9968,
    0.9964,
    0.9960,
    0.9957,
    0.9952,
    0.9948,
    0.9944,
    0.9939,
    0.9934,
    0.9929,
    0.9924,
    0.9918,
    0.9913,
    0.9907,
    0.9901,
    0.9895,
    0.9888,
    0.9882,
    0.9875,
    0.9868,
    0.9861,
    0.9854,
    0.9846,
    0.9839,
    0.9831,
    0.9823,
    0.9815,
    0.9806,
    0.9798,
    0.9789,
    0.9780,
    0.9771,
    0.9762,
    0.9752,
    0.9743,
    0.9733,
    0.9723,
    0.9713,
    0.9703,
    0.9692,
    0.9681,
    0.9670,
    0.9659,
    0.9648,
    0.9637,
    0.9625,
    0.9614,
    0.9602,
    0.9590,
    0.9577,
    0.9565,
    0.9552,
    0.9539,
    0.9526,
    0.9513,
    0.9500,
    0.9487,
    0.9473,
    0.9459,
    0.9445,
    0.9431,
    0.9417,
    0.9402,
    0.9388,
    0.9373,
    0.9358,
    0.9343,
    0.9328,
    0.9312,
    0.9297,
    0.9281,
    0.9265,
    0.9249,
    0.9232,
    0.9216,
    0.9199,
    0.9183,
    0.9166,
    0.9149,
    0.9132,
    0.9114,
    0.9097,
    0.9079,
    0.9061,
    0.9043,
    0.9025,
    0.9007,
    0.8988,
    0.8970,
    0.8951,
    0.8932,
    0.8913,
    0.8894,
    0.8875,
    0.8855,
    0.8836,
    0.8816,
    0.8796,
    0.8776,
    0.8756,
    0.8736,
    0.8715,
    0.8694,
    0.8674,
    0.8653,
    0.8632,
    0.8611,
    0.8589,
    0.8568,
    0.8546,
    0.8525,
    0.8503,
    0.8481,
    0.8459,
    0.8437,
    0.8414,
    0.8392,
    0.8369,
    0.8346,
    0.8324,
    0.8301,
    0.8277,
    0.8254,
    0.8231,
    0.8207,
    0.8184,
    0.8160,
    0.8136,
    0.8112,
    0.8088,
    0.8064,
    0.8040,
    0.8015,
    0.7991,
    0.7966,
    0.7941,
    0.7917,
    0.7892,
    0.7866,
    0.7841,
    0.7816,
    0.7791,
    0.7765,
    0.7739,
    0.7714,
    0.7688,
    0.7662,
    0.7636,
    0.7610,
    0.7584,
    0.7557,
    0.7531,
    0.7504,
    0.7478,
    0.7451,
    0.7424,
    0.7397,
    0.7371,
    0.7343,
    0.7316,
    0.7289,
    0.7262,
    0.7234,
    0.7207,
    0.7179,
    0.7152,
    0.7124,
    0.7096,
    0.7068,
    0.7040,
    0.7012,
    0.6984,
    0.6956,
    0.6928,
    0.6899,
    0.6871,
    0.6842,
    0.6814,
    0.6785,
    0.6756,
    0.6728,
    0.6699,
    0.6670,
    0.6641,
    0.6612,
    0.6583,
    0.6554,
    0.6525,
    0.6495,
    0.6466,
    0.6437,
    0.6407,
    0.6378,
    0.6348,
    0.6319,
    0.6289,
    0.6259,
    0.6230,
    0.6200,
    0.6170,
    0.6140,
    0.6110,
    0.6081,
    0.6051,
    0.6021,
    0.5990,
    0.5960,
    0.5930,
    0.5900,
    0.5870,
    0.5840,
    0.5809,
    0.5779,
    0.5749,
    0.5718,
    0.5688,
    0.5658,
    0.5627,
    0.5597,
    0.5566,
    0.5536,
    0.5505,
    0.5475,
    0.5444,
    0.5414,
    0.5383,
    0.5353,
    0.5322,
    0.5291,
    0.5261,
    0.5230,
    0.5199,
    0.5169,
    0.5138,
    0.5107,
    0.5077,
    0.5046,
    0.5015,
    0.4985,
    0.4954,
    0.4923,
    0.4893,
    0.4862,
    0.4831,
    0.4801,
    0.4770,
    0.4739,
    0.4709,
    0.4678,
    0.4647,
    0.4617,
    0.4586,
    0.4556,
    0.4525,
    0.4495,
    0.4464,
    0.4434,
    0.4403,
    0.4373,
    0.4342,
    0.4312,
    0.4282,
    0.4251,
    0.4221,
    0.4191,
    0.4160,
    0.4130,
    0.4100,
    0.4070,
    0.4040,
    0.4010,
    0.3979,
    0.3949,
    0.3919,
    0.3890,
    0.3860,
    0.3830,
    0.3800,
    0.3770,
    0.3741,
    0.3711,
    0.3681,
    0.3652,
    0.3622,
    0.3593,
    0.3563,
    0.3534,
    0.3505,
    0.3475,
    0.3446,
    0.3417,
    0.3388,
    0.3359,
    0.3330,
    0.3301,
    0.3272,
    0.3244,
    0.3215,
    0.3186,
    0.3158,
    0.3129,
    0.3101,
    0.3072,
    0.3044,
    0.3016,
    0.2988,
    0.2960,
    0.2932,
    0.2904,
    0.2876,
    0.2848,
    0.2821,
    0.2793,
    0.2766,
    0.2738,
    0.2711,
    0.2684,
    0.2657,
    0.2629,
    0.2603,
    0.2576,
    0.2549,
    0.2522,
    0.2496,
    0.2469,
    0.2443,
    0.2416,
    0.2390,
    0.2364,
    0.2338,
    0.2312,
    0.2286,
    0.2261,
    0.2235,
    0.2209,
    0.2184,
    0.2159,
    0.2134,
    0.2108,
    0.2083,
    0.2059,
    0.2034,
    0.2009,
    0.1985,
    0.1960,
    0.1936,
    0.1912,
    0.1888,
    0.1864,
    0.1840,
    0.1816,
    0.1793,
    0.1769,
    0.1746,
    0.1723,
    0.1699,
    0.1676,
    0.1654,
    0.1631,
    0.1608,
    0.1586,
    0.1563,
    0.1541,
    0.1519,
    0.1497,
    0.1475,
    0.1454,
    0.1432,
    0.1411,
    0.1389,
    0.1368,
    0.1347,
    0.1326,
    0.1306,
    0.1285,
    0.1264,
    0.1244,
    0.1224,
    0.1204,
    0.1184,
    0.1164,
    0.1145,
    0.1125,
    0.1106,
    0.1087,
    0.1068,
    0.1049,
    0.1030,
    0.1012,
    0.0993,
    0.0975,
    0.0957,
    0.0939,
    0.0921,
    0.0903,
    0.0886,
    0.0868,
    0.0851,
    0.0834,
    0.0817,
    0.0801,
    0.0784,
    0.0768,
    0.0751,
    0.0735,
    0.0719,
    0.0703,
    0.0688,
    0.0672,
    0.0657,
    0.0642,
    0.0627,
    0.0612,
    0.0598,
    0.0583,
    0.0569,
    0.0555,
    0.0541,
    0.0527,
    0.0513,
    0.0500,
    0.0487,
    0.0474,
    0.0461,
    0.0448,
    0.0435,
    0.0423,
    0.0410,
    0.0398,
    0.0386,
    0.0375,
    0.0363,
    0.0352,
    0.0341,
    0.0330,
    0.0319,
    0.0308,
    0.0297,
    0.0287,
    0.0277,
    0.0267,
    0.0257,
    0.0248,
    0.0238,
    0.0229,
    0.0220,
    0.0211,
    0.0202,
    0.0194,
    0.0185,
    0.0177,
    0.0169,
    0.0161,
    0.0154,
    0.0146,
    0.0139,
    0.0132,
    0.0125,
    0.0118,
    0.0112,
    0.0105,
    0.0099,
    0.0093,
    0.0087,
    0.0082,
    0.0076,
    0.0071,
    0.0066,
    0.0061,
    0.0056,
    0.0052,
    0.0048,
    0.0043,
    0.0040,
    0.0036,
    0.0032,
    0.0029,
    0.0026,
    0.0023,
    0.0020,
    0.0017,
    0.0015,
    0.0012,
    0.0010,
    0.0008,
    0.0007,
    0.0005,
    0.0004,
    0.0003,
    0.0002,
    0.0001,
    0.0001,
    0.0000,
    0.0000,
    };

    