#define SAMPLES 512
const float buffer[SAMPLES] = {
    0,
    6.264832e-03,
    1.250505e-02,
    1.869614e-02,
    2.481378e-02,
    3.083394e-02,
    3.673296e-02,
    4.248767e-02,
    4.807545e-02,
    5.347437e-02,
    5.866320e-02,
    6.362156e-02,
    6.832998e-02,
    7.276995e-02,
    7.692403e-02,
    8.077590e-02,
    8.431043e-02,
    8.751373e-02,
    9.037321e-02,
    9.287766e-02,
    9.501721e-02,
    9.678347e-02,
    9.816951e-02,
    9.916987e-02,
    9.978062e-02,
    9.999937e-02,
    9.982525e-02,
    9.925895e-02,
    9.830270e-02,
    9.696024e-02,
    9.523686e-02,
    9.313933e-02,
    9.067589e-02,
    8.785620e-02,
    8.469136e-02,
    8.119380e-02,
    7.737725e-02,
    7.325671e-02,
    6.884838e-02,
    6.416955e-02,
    5.923863e-02,
    5.407498e-02,
    4.869888e-02,
    4.313147e-02,
    3.739460e-02,
    3.151082e-02,
    2.550325e-02,
    1.939548e-02,
    1.321152e-02,
    6.975647e-03,
    7.123733e-04,
    -5.553700e-03,
    -1.179795e-02,
    -1.799586e-02,
    -2.412306e-02,
    -3.015549e-02,
    -3.606946e-02,
    -4.184171e-02,
    -4.744959e-02,
    -5.287105e-02,
    -5.808479e-02,
    -6.307034e-02,
    -6.780811e-02,
    -7.227949e-02,
    -7.646690e-02,
    -8.035389e-02,
    -8.392521e-02,
    -8.716681e-02,
    -9.006595e-02,
    -9.261126e-02,
    -9.479273e-02,
    -9.660180e-02,
    -9.803134e-02,
    -9.907575e-02,
    -9.973093e-02,
    -9.999429e-02,
    -9.986481e-02,
    -9.934300e-02,
    -9.843089e-02,
    -9.713209e-02,
    -9.545169e-02,
    -9.339628e-02,
    -9.097396e-02,
    -8.819423e-02,
    -8.506801e-02,
    -8.160758e-02,
    -7.782655e-02,
    -7.373976e-02,
    -6.936328e-02,
    -6.471429e-02,
    -5.981105e-02,
    -5.467284e-02,
    -4.931984e-02,
    -4.377308e-02,
    -3.805434e-02,
    -3.218610e-02,
    -2.619142e-02,
    -2.009384e-02,
    -1.391731e-02,
    -7.686108e-03,
    -1.424710e-03,
    4.842285e-03,
    1.109026e-02,
    1.729466e-02,
    2.343111e-02,
    2.947552e-02,
    3.540412e-02,
    4.119363e-02,
    4.682131e-02,
    5.226504e-02,
    5.750344e-02,
    6.251593e-02,
    6.728281e-02,
    7.178536e-02,
    7.600589e-02,
    7.992781e-02,
    8.353573e-02,
    8.681546e-02,
    8.975413e-02,
    9.234017e-02,
    9.456345e-02,
    9.641521e-02,
    9.788820e-02,
    9.897661e-02,
    9.967617e-02,
    9.998414e-02,
    9.989931e-02,
    9.942200e-02,
    9.855410e-02,
    9.729901e-02,
    9.566166e-02,
    9.364849e-02,
    9.126741e-02,
    8.852777e-02,
    8.544033e-02,
    8.201723e-02,
    7.827190e-02,
    7.421907e-02,
    6.987466e-02,
    6.525574e-02,
    6.038044e-02,
    5.526793e-02,
    4.993829e-02,
    4.441246e-02,
    3.871215e-02,
    3.285975e-02,
    2.687826e-02,
    2.079117e-02,
    1.462240e-02,
    8.396179e-03,
    2.136975e-03,
    -4.130624e-03,
    -1.038200e-02,
    -1.659258e-02,
    -2.273798e-02,
    -2.879405e-02,
    -3.473699e-02,
    -4.054346e-02,
    -4.619066e-02,
    -5.165638e-02,
    -5.691917e-02,
    -6.195833e-02,
    -6.675409e-02,
    -7.128759e-02,
    -7.554102e-02,
    -7.949768e-02,
    -8.314201e-02,
    -8.645971e-02,
    -8.943774e-02,
    -9.206440e-02,
    -9.432936e-02,
    -9.622374e-02,
    -9.774008e-02,
    -9.887244e-02,
    -9.961636e-02,
    -9.996892e-02,
    -9.992873e-02,
    -9.949596e-02,
    -9.867230e-02,
    -9.746099e-02,
    -9.586679e-02,
    -9.389595e-02,
    -9.155623e-02,
    -8.885682e-02,
    -8.580832e-02,
    -8.242270e-02,
    -7.871328e-02,
    -7.469461e-02,
    -7.038250e-02,
    -6.579387e-02,
    -6.094676e-02,
    -5.586022e-02,
    -5.055421e-02,
    -4.504960e-02,
    -3.936800e-02,
    -3.353173e-02,
    -2.756374e-02,
    -2.148745e-02,
    -1.532674e-02,
    -9.105824e-03,
    -2.849132e-03,
    3.418754e-03,
    9.673209e-03,
    1.588966e-02,
    2.204369e-02,
    2.811111e-02,
    3.406810e-02,
    3.989124e-02,
    4.555766e-02,
    5.104510e-02,
    5.633201e-02,
    6.139760e-02,
    6.622198e-02,
    7.078620e-02,
    7.507232e-02,
    7.906351e-02,
    8.274408e-02,
    8.609958e-02,
    8.911682e-02,
    9.178395e-02,
    9.409049e-02,
    9.602738e-02,
    9.758701e-02,
    9.876326e-02,
    9.955149e-02,
    9.994862e-02,
    9.995309e-02,
    9.956487e-02,
    9.878549e-02,
    9.761802e-02,
    9.606704e-02,
    9.413865e-02,
    9.184041e-02,
    8.918136e-02,
    8.617195e-02,
    8.282400e-02,
    7.915066e-02,
    7.516636e-02,
    7.088676e-02,
    6.632867e-02,
    6.151000e-02,
    5.644967e-02,
    5.116757e-02,
    4.568445e-02,
    4.002185e-02,
    3.420201e-02,
    2.824781e-02,
    2.218264e-02,
    1.603031e-02,
    9.815007e-03,
    3.561143e-03,
    -2.706711e-03,
    -8.963931e-03,
    -1.518593e-02,
    -2.134828e-02,
    -2.742675e-02,
    -3.339747e-02,
    -3.923699e-02,
    -4.492235e-02,
    -5.043123e-02,
    -5.574199e-02,
    -6.083375e-02,
    -6.568651e-02,
    -7.028122e-02,
    -7.459981e-02,
    -7.862532e-02,
    -8.234194e-02,
    -8.573507e-02,
    -8.879137e-02,
    -9.149884e-02,
    -9.384684e-02,
    -9.582615e-02,
    -9.742899e-02,
    -9.864906e-02,
    -9.948157e-02,
    -9.992325e-02,
    -9.997237e-02,
    -9.962873e-02,
    -9.889367e-02,
    -9.777010e-02,
    -9.626242e-02,
    -9.437656e-02,
    -9.211993e-02,
    -8.950138e-02,
    -8.653121e-02,
    -8.322110e-02,
    -7.958403e-02,
    -7.563430e-02,
    -7.138743e-02,
    -6.686010e-02,
    -6.207010e-02,
    -5.703625e-02,
    -5.177833e-02,
    -4.631698e-02,
    -4.067366e-02,
    -3.487056e-02,
    -2.893046e-02,
    -2.287670e-02,
    -1.673306e-02,
    -1.052369e-02,
    -4.272974e-03,
    1.994530e-03,
    8.254198e-03,
    1.448144e-02,
    2.065179e-02,
    2.674100e-02,
    3.272516e-02,
    3.858075e-02,
    4.428477e-02,
    4.981480e-02,
    5.514914e-02,
    6.026681e-02,
    6.514771e-02,
    6.977267e-02,
    7.412351e-02,
    7.818315e-02,
    8.193563e-02,
    8.536621e-02,
    8.846142e-02,
    9.120909e-02,
    9.359843e-02,
    9.562006e-02,
    9.726602e-02,
    9.852986e-02,
    9.940660e-02,
    9.989281e-02,
    9.998658e-02,
    9.968753e-02,
    9.899684e-02,
    9.791722e-02,
    9.645292e-02,
    9.460969e-02,
    9.239477e-02,
    8.981686e-02,
    8.688608e-02,
    8.361397e-02,
    8.001335e-02,
    7.609840e-02,
    7.188448e-02,
    6.738814e-02,
    6.262706e-02,
    5.761994e-02,
    5.238646e-02,
    4.694716e-02,
    4.132342e-02,
    3.553733e-02,
    2.961163e-02,
    2.356960e-02,
    1.743497e-02,
    1.123184e-02,
    4.984589e-03,
    -1.282248e-03,
    -7.544046e-03,
    -1.377621e-02,
    -1.995425e-02,
    -2.605389e-02,
    -3.205118e-02,
    -3.792255e-02,
    -4.364493e-02,
    -4.919585e-02,
    -5.455349e-02,
    -5.969681e-02,
    -6.460560e-02,
    -6.926058e-02,
    -7.364345e-02,
    -7.773701e-02,
    -8.152516e-02,
    -8.499302e-02,
    -8.812698e-02,
    -9.091471e-02,
    -9.334527e-02,
    -9.540911e-02,
    -9.709811e-02,
    -9.840565e-02,
    -9.932659e-02,
    -9.985730e-02,
    -9.999571e-02,
    -9.974127e-02,
    -9.909498e-02,
    -9.805937e-02,
    -9.663852e-02,
    -9.483802e-02,
    -9.266492e-02,
    -9.012777e-02,
    -8.723654e-02,
    -8.400259e-02,
    -8.043862e-02,
    -7.655863e-02,
    -7.237787e-02,
    -6.791276e-02,
    -6.318085e-02,
    -5.820071e-02,
    -5.299193e-02,
    -4.757495e-02,
    -4.197107e-02,
    -3.620230e-02,
    -3.029131e-02,
    -2.426131e-02,
    -1.813599e-02,
    -1.193942e-02,
    -5.695950e-03,
    5.699003e-04,
    6.833512e-03,
    1.307028e-02,
    1.925569e-02,
    2.536546e-02,
    3.137557e-02,
    3.726242e-02,
    4.300288e-02,
    4.857439e-02,
    5.395507e-02,
    5.912378e-02,
    6.406021e-02,
    6.874497e-02,
    7.315966e-02,
    7.728692e-02,
    8.111055e-02,
    8.461552e-02,
    8.778807e-02,
    9.061572e-02,
    9.308737e-02,
    9.519332e-02,
    9.692528e-02,
    9.827646e-02,
    9.924154e-02,
    9.981673e-02,
    9.999977e-02,
    9.978995e-02,
    9.918809e-02,
    9.819654e-02,
    9.681922e-02,
    9.506153e-02,
    9.293037e-02,
    9.043412e-02,
    8.758258e-02,
    8.438696e-02,
    8.085981e-02,
    7.701498e-02,
    7.286760e-02,
    6.843394e-02,
    6.373142e-02,
    5.877853e-02,
    5.359471e-02,
    4.820034e-02,
    4.261660e-02,
    3.686544e-02,
    3.096944e-02,
    2.495178e-02,
    1.883609e-02,
    1.264640e-02,
    6.407022e-03,
    1.424758e-04,
    -6.122630e-03,
    -1.236368e-02,
    -1.855616e-02,
    -2.467574e-02,
    -3.069838e-02,
    -3.660041e-02,
    -4.235865e-02,
    -4.795047e-02,
    -5.335392e-02,
    -5.854776e-02,
    -6.351158e-02,
    -6.822588e-02,
    -7.267215e-02,
    -7.683291e-02,
    -8.069182e-02,
    -8.423372e-02,
    -8.744470e-02,
    -9.031213e-02,
    -9.282475e-02,
    -9.497270e-02,
    -9.674753e-02,
    -9.814227e-02,
    -9.915145e-02,
    -9.977109e-02,
    -9.999876e-02,
    -9.983357e-02,
    -9.927616e-02,
    -9.832873e-02,
    -9.699501e-02,
    -9.528022e-02,
    -9.319110e-02,
    -9.073587e-02,
    -8.792417e-02,
    -8.476704e-02,
    -8.127689e-02,
    -7.746743e-02,
    -7.335362e-02,
    -6.895164e-02,
    -6.427876e-02,
    -5.935336e-02,
    -5.419477e-02,
    -4.882327e-02,
    -4.325996e-02,
    -3.752670e-02,
    -3.164601e-02,
    -2.564099e-02,
    -1.953523e-02,
    -1.335273e-02,
    -7.117769e-03,
    -8.548447e-04,
    5.411438e-03,
    1.165646e-02,
    1.785569e-02,
    2.398477e-02,
    3.001962e-02,
    3.593653e-02,
    4.171227e-02,
    4.732412e-02,
    5.275006e-02,
    5.796876e-02
};
