#define WINDOWSIZE 256
const float hanning[WINDOWSIZE] = {
    0,
    1.517740e-04,
    6.070039e-04,
    1.365413e-03,
    2.426542e-03,
    3.789745e-03,
    5.454196e-03,
    7.418883e-03,
    9.682615e-03,
    1.224402e-02,
    1.510153e-02,
    1.825343e-02,
    2.169779e-02,
    2.543253e-02,
    2.945537e-02,
    3.376389e-02,
    3.835545e-02,
    4.322727e-02,
    4.837640e-02,
    5.379971e-02,
    5.949390e-02,
    6.545553e-02,
    7.168096e-02,
    7.816643e-02,
    8.490798e-02,
    9.190154e-02,
    9.914286e-02,
    1.066275e-01,
    1.143510e-01,
    1.223086e-01,
    1.304955e-01,
    1.389068e-01,
    1.475372e-01,
    1.563817e-01,
    1.654347e-01,
    1.746908e-01,
    1.841445e-01,
    1.937899e-01,
    2.036212e-01,
    2.136324e-01,
    2.238175e-01,
    2.341703e-01,
    2.446844e-01,
    2.553535e-01,
    2.661712e-01,
    2.771308e-01,
    2.882257e-01,
    2.994492e-01,
    3.107945e-01,
    3.222546e-01,
    3.338226e-01,
    3.454915e-01,
    3.572542e-01,
    3.691036e-01,
    3.810324e-01,
    3.930335e-01,
    4.050995e-01,
    4.172231e-01,
    4.293969e-01,
    4.416136e-01,
    4.538658e-01,
    4.661460e-01,
    4.784467e-01,
    4.907605e-01,
    5.030800e-01,
    5.153975e-01,
    5.277057e-01,
    5.399971e-01,
    5.522642e-01,
    5.644996e-01,
    5.766958e-01,
    5.888455e-01,
    6.009412e-01,
    6.129756e-01,
    6.249415e-01,
    6.368315e-01,
    6.486384e-01,
    6.603551e-01,
    6.719745e-01,
    6.834894e-01,
    6.948929e-01,
    7.061782e-01,
    7.173382e-01,
    7.283663e-01,
    7.392558e-01,
    7.500000e-01,
    7.605924e-01,
    7.710267e-01,
    7.812964e-01,
    7.913953e-01,
    8.013173e-01,
    8.110564e-01,
    8.206067e-01,
    8.299623e-01,
    8.391176e-01,
    8.480670e-01,
    8.568051e-01,
    8.653266e-01,
    8.736263e-01,
    8.816991e-01,
    8.895403e-01,
    8.971449e-01,
    9.045085e-01,
    9.116265e-01,
    9.184946e-01,
    9.251086e-01,
    9.314645e-01,
    9.375585e-01,
    9.433868e-01,
    9.489460e-01,
    9.542326e-01,
    9.592435e-01,
    9.639755e-01,
    9.684259e-01,
    9.725919e-01,
    9.764710e-01,
    9.800608e-01,
    9.833592e-01,
    9.863641e-01,
    9.890738e-01,
    9.914865e-01,
    9.936009e-01,
    9.954156e-01,
    9.969296e-01,
    9.981418e-01,
    9.990517e-01,
    9.996585e-01,
    9.999621e-01,
    9.999621e-01,
    9.996585e-01,
    9.990517e-01,
    9.981418e-01,
    9.969296e-01,
    9.954156e-01,
    9.936009e-01,
    9.914865e-01,
    9.890738e-01,
    9.863641e-01,
    9.833592e-01,
    9.800608e-01,
    9.764710e-01,
    9.725919e-01,
    9.684259e-01,
    9.639755e-01,
    9.592435e-01,
    9.542326e-01,
    9.489460e-01,
    9.433868e-01,
    9.375585e-01,
    9.314645e-01,
    9.251086e-01,
    9.184946e-01,
    9.116265e-01,
    9.045085e-01,
    8.971449e-01,
    8.895403e-01,
    8.816991e-01,
    8.736263e-01,
    8.653266e-01,
    8.568051e-01,
    8.480670e-01,
    8.391176e-01,
    8.299623e-01,
    8.206067e-01,
    8.110564e-01,
    8.013173e-01,
    7.913953e-01,
    7.812964e-01,
    7.710267e-01,
    7.605924e-01,
    7.500000e-01,
    7.392558e-01,
    7.283663e-01,
    7.173382e-01,
    7.061782e-01,
    6.948929e-01,
    6.834894e-01,
    6.719745e-01,
    6.603551e-01,
    6.486384e-01,
    6.368315e-01,
    6.249415e-01,
    6.129756e-01,
    6.009412e-01,
    5.888455e-01,
    5.766958e-01,
    5.644996e-01,
    5.522642e-01,
    5.399971e-01,
    5.277057e-01,
    5.153975e-01,
    5.030800e-01,
    4.907605e-01,
    4.784467e-01,
    4.661460e-01,
    4.538658e-01,
    4.416136e-01,
    4.293969e-01,
    4.172231e-01,
    4.050995e-01,
    3.930335e-01,
    3.810324e-01,
    3.691036e-01,
    3.572542e-01,
    3.454915e-01,
    3.338226e-01,
    3.222546e-01,
    3.107945e-01,
    2.994492e-01,
    2.882257e-01,
    2.771308e-01,
    2.661712e-01,
    2.553535e-01,
    2.446844e-01,
    2.341703e-01,
    2.238175e-01,
    2.136324e-01,
    2.036212e-01,
    1.937899e-01,
    1.841445e-01,
    1.746908e-01,
    1.654347e-01,
    1.563817e-01,
    1.475372e-01,
    1.389068e-01,
    1.304955e-01,
    1.223086e-01,
    1.143510e-01,
    1.066275e-01,
    9.914286e-02,
    9.190154e-02,
    8.490798e-02,
    7.816643e-02,
    7.168096e-02,
    6.545553e-02,
    5.949390e-02,
    5.379971e-02,
    4.837640e-02,
    4.322727e-02,
    3.835545e-02,
    3.376389e-02,
    2.945537e-02,
    2.543253e-02,
    2.169779e-02,
    1.825343e-02,
    1.510153e-02,
    1.224402e-02,
    9.682615e-03,
    7.418883e-03,
    5.454196e-03,
    3.789745e-03,
    2.426542e-03,
    1.365413e-03,
    6.070039e-04,
    1.517740e-04,
    0
};
